0 0 4 63 74 85
1000 1 065 15 1 +3.858330000000000e+01 +1.066597564888937e+03 +5.937593621146972e+05 +9.935950548697462e-01 +0.000000000000000e+00 +0.000000000000000e+00 +2.997169804803617e+05 -1.127691673980327e-01 +0.000000000000000e+00 +0.000000000000000e+00 +2.763700000000000e+02 -7.209842074597972e-03 +0.000000000000000e+00 +0.000000000000000e+00 +6.700000000000000e+01 +0.000000000000000e+00 +0.000000000000000e+00 +0.000000000000000e+00
1001 1 065 15 0 +8.907358112968906e+03 +8.907358112968906e+03 +5.948191281807070e+05 +9.914996271758180e-01 +0.000000000000000e+00 +0.000000000000000e+00 +2.995967011610204e+05 -1.125313445191557e-01 +0.000000000000000e+00 +0.000000000000000e+00 +2.686800000000000e+02 +6.530839005001704e-02 +0.000000000000000e+00 +0.000000000000000e+00 +4.630000000000000e+01 +0.000000000000000e+00 +0.000000000000000e+00 +0.000000000000000e+00
1002 1 065 15 0 +1.417763088329044e+02 +1.417763088329044e+02 +6.036507704288372e+05 +9.915878648523567e-01 +0.000000000000000e+00 +0.000000000000000e+00 +2.985943441764545e+05 -1.125413591516437e-01 +0.000000000000000e+00 +0.000000000000000e+00 +8.504052179569570e+02 +6.531420211533563e-02 -2.355992004189524e-04 +2.471856041426680e-08 +4.630000000000000e+01 +0.000000000000000e+00 +0.000000000000000e+00 +0.000000000000000e+00
1003 1 065 15 0 +7.841872692790329e+02 +7.841872692790329e+02 +6.037915432470415e+05 +9.936208803176000e-01 +0.000000000000000e+00 +0.000000000000000e+00 +2.985783670100793e+05 -1.127720984857408e-01 +0.000000000000000e+00 +0.000000000000000e+00 +8.550000000000000e+02 +0.000000000000000e+00 +0.000000000000000e+00 +0.000000000000000e+00 +4.630000000000000e+01 +0.000000000000000e+00 +0.000000000000000e+00 +0.000000000000000e+00
2000 1 063 15 0 +2.778001273341442e+02 +2.778001273341442e+02 +1.053448694337864e+06 +9.751792090610732e-01 +2.097277785383979e-04 -6.083796245161474e-07 +3.240951336856969e+05 -3.453218578192428e-02 -7.426695057507791e-06 -1.290974106464225e-06 +8.550000000000000e+02 +0.000000000000000e+00 +0.000000000000000e+00 +0.000000000000000e+00 +4.630000000000000e+01 +0.000000000000000e+00 +0.000000000000000e+00 +0.000000000000000e+00
2001 1 063 15 0 +5.661529528602765e+02 +5.661529528602765e+02 +1.053722741714999e+06 +9.740607881624017e-01 -5.818417279636876e-04 -3.454200832414140e-07 +3.240572907655751e+05 -3.457817724811363e-01 -1.030046961896498e-03 +4.977536358496565e-07 +8.550000000000000e+02 +0.000000000000000e+00 +0.000000000000000e+00 +0.000000000000000e+00 +4.630000000000000e+01 +0.000000000000000e+00 +0.000000000000000e+00 +0.000000000000000e+00
2002 1 063 15 0 +5.661529528585379e+02 +5.661529528585379e+02 +1.054025028986596e+06 -1.691367024251319e-02 -1.161856029672336e-03 +3.615230116453048e-07 +3.236216919228733e+05 -1.033476357240301e+00 +2.227714219517316e-04 +4.861839445817337e-07 +8.550000000000000e+02 +0.000000000000000e+00 +0.000000000000000e+00 +0.000000000000000e+00 +4.630000000000000e+01 +0.000000000000000e+00 +0.000000000000000e+00 +0.000000000000000e+00
2003 1 063 15 0 +2.778001273341442e+02 +2.778001273341442e+02 +1.053708649568873e+06 -9.613888921748506e-01 -2.616873482288724e-04 +5.658094750477213e-07 +3.231962180571984e+05 -3.062477785591787e-01 +1.092473220314631e-03 -1.310190653696528e-06 +8.550000000000000e+02 +0.000000000000000e+00 +0.000000000000000e+00 +0.000000000000000e+00 +4.630000000000000e+01 +0.000000000000000e+00 +0.000000000000000e+00 +0.000000000000000e+00
2004 1 063 15 0 +5.263039943912351e+05 +5.263039943912351e+05 +1.053433510625993e+06 -9.999964418401960e-01 +0.000000000000000e+00 +0.000000000000000e+00 +3.231673630120810e+05 -2.667640708086682e-03 +0.000000000000000e+00 +0.000000000000000e+00 +8.550000000000000e+02 +0.000000000000000e+00 +0.000000000000000e+00 +0.000000000000000e+00 +4.630000000000000e+01 +0.000000000000000e+00 -2.090283688210270e-10 +2.647752009594199e-16
2005 1 063 15 0 +1.620000742553325e+02 +1.620000742553325e+02 +5.271313889084754e+05 -9.250655253229132e-01 -1.107610996960664e-03 +4.998511420915192e-06 +3.217633730518147e+05 -2.467751233652240e-03 -2.954718697578042e-06 +6.542410950203949e-06 +8.550000000000000e+02 +0.000000000000000e+00 +0.000000000000000e+00 +0.000000000000000e+00 +2.700000000000000e+01 +0.000000000000000e+00 +0.000000000000000e+00 +0.000000000000000e+00
2006 1 063 15 0 +1.597672600614715e+02 +1.597672600614715e+02 +5.269737113955171e+05 -8.868662203706059e-01 +2.089970153880364e-03 +2.657697889080153e-06 +3.217907110138144e+05 +5.096483753643538e-01 +2.687385476891878e-03 -4.513169454302075e-06 +8.550000000000000e+02 +0.000000000000000e+00 +0.000000000000000e+00 +0.000000000000000e+00 +2.700000000000000e+01 +0.000000000000000e+00 +0.000000000000000e+00 +0.000000000000000e+00
2007 1 063 15 0 +1.597672600600636e+02 +1.597672600600636e+02 +5.268962053991423e+05 -1.553079075539314e-02 +3.378175493151608e-03 -2.519437145600408e-06 +3.219223278152486e+05 +1.022757035607422e+00 -4.218367969669981e-04 -4.591785389776085e-06 +8.550000000000000e+02 +0.000000000000000e+00 +0.000000000000000e+00 +0.000000000000000e+00 +2.700000000000000e+01 +0.000000000000000e+00 +0.000000000000000e+00 +0.000000000000000e+00
2008 1 063 15 0 +1.620000742553325e+02 +1.620000742553325e+02 +5.269696793207073e+05 +8.744418181970355e-01 +1.417511553689797e-03 -5.194856824148169e-06 +3.220562372799749e+05 +5.384718273946379e-01 -3.135063436189359e-03 +6.387622409235642e-06 +8.550000000000000e+02 +0.000000000000000e+00 +0.000000000000000e+00 +0.000000000000000e+00 +2.700000000000000e+01 +0.000000000000000e+00 +0.000000000000000e+00 +0.000000000000000e+00
2009 1 063 15 0 +1.121292090135679e+03 +1.121292090135679e+03 +5.271264540578913e+05 +9.996163667233360e-01 +0.000000000000000e+00 +0.000000000000000e+00 +3.220883502686219e+05 +2.769692002438221e-02 +0.000000000000000e+00 +0.000000000000000e+00 +8.550000000000000e+02 +0.000000000000000e+00 +0.000000000000000e+00 +0.000000000000000e+00 +2.700000000000000e+01 +0.000000000000000e+00 +0.000000000000000e+00 +0.000000000000000e+00
2010 1 063 15 0 +1.620000742553325e+02 +1.620000742553325e+02 +5.282473159830683e+05 +9.247139296842394e-01 +1.107190020083655e-03 -5.194856824152280e-06 +3.221194066059664e+05 +2.562155703777622e-02 +3.067752235647269e-05 +6.387622409232300e-06 +8.550000000000000e+02 +0.000000000000000e+00 +0.000000000000000e+00 +0.000000000000000e+00 +2.700000000000000e+01 +0.000000000000000e+00 +0.000000000000000e+00 +0.000000000000000e+00
2011 1 063 15 0 +1.928648579585366e+02 +1.928648579585366e+02 +5.284040907202524e+05 +8.802309376971738e-01 -2.308432496828077e-03 -2.014757076620182e-06 +3.221515195946135e+05 +5.420367046592635e-01 +2.603606567562385e-03 -4.836083351451942e-06 +8.550000000000000e+02 +0.000000000000000e+00 +0.000000000000000e+00 +0.000000000000000e+00 +2.700000000000000e+01 +0.000000000000000e+00 +0.000000000000000e+00 +0.000000000000000e+00
2012 1 063 15 0 +1.928648579581678e+02 +1.928648579581678e+02 +5.284735361112998e+05 -2.350279445780115e-01 -3.201127567003449e-03 +3.947917505570158e-06 +3.223182115017315e+05 +1.006663875454242e+00 -1.363968493389299e-03 -3.443965102925539e-06 +8.550000000000000e+02 +0.000000000000000e+00 +0.000000000000000e+00 +0.000000000000000e+00 +2.700000000000000e+01 +0.000000000000000e+00 +0.000000000000000e+00 +0.000000000000000e+00
2013 1 063 15 0 +1.620000742553325e+02 +1.620000742553325e+02 +5.283374578325956e+05 -1.022478469720591e+00 +1.172637371276714e-04 +1.829311398512140e-06 +3.224369193628915e+05 +9.559383488121098e-02 -3.438635044567880e-03 +8.027569823654087e-06 +8.550000000000000e+02 +0.000000000000000e+00 +0.000000000000000e+00 +0.000000000000000e+00 +2.700000000000000e+01 +0.000000000000000e+00 +0.000000000000000e+00 +0.000000000000000e+00
2014 1 063 15 0 +1.008007931034906e+03 +1.008007931034906e+03 +5.281826710962409e+05 -9.085372991640048e-01 +0.000000000000000e+00 +0.000000000000000e+00 +3.223962914352100e+05 -4.178037530082463e-01 +0.000000000000000e+00 +0.000000000000000e+00 +8.550000000000000e+02 +0.000000000000000e+00 +0.000000000000000e+00 +0.000000000000000e+00 +2.700000000000000e+01 +0.000000000000000e+00 +0.000000000000000e+00 +0.000000000000000e+00
2015 1 063 15 0 +1.620000742553325e+02 +1.620000742553325e+02 +5.272668582930425e+05 -8.404595244159075e-01 -1.006309484312949e-03 +1.829311398512139e-06 +3.219751419385616e+05 -3.864972234773429e-01 -4.627656779976046e-04 +8.027569823654089e-06 +8.550000000000000e+02 +0.000000000000000e+00 +0.000000000000000e+00 +0.000000000000000e+00 +2.700000000000000e+01 +0.000000000000000e+00 +0.000000000000000e+00 +0.000000000000000e+00
2016 1 063 15 0 +2.033811363236750e+02 +2.033811363236750e+02 +5.271120715566878e+05 -1.033169753091169e+00 +9.621289052217213e-04 +3.828927118384996e-06 +3.219345140108801e+05 +9.659338725073395e-02 +3.371609106256663e-03 -3.576668689521923e-06 +8.550000000000000e+02 +0.000000000000000e+00 +0.000000000000000e+00 +0.000000000000000e+00 +2.700000000000000e+01 +0.000000000000000e+00 +0.000000000000000e+00 +0.000000000000000e+00
2017 1 063 15 0 +2.033811363238427e+02 +2.033811363238427e+02 +5.269739530726937e+05 -1.666740915080301e-01 +3.505237778402425e-03 -2.497288430838205e-06 +3.220635329349516e+05 +1.024202015416398e+00 -8.214689666960475e-05 -4.606168938134268e-06 +8.550000000000000e+02 +0.000000000000000e+00 +0.000000000000000e+00 +0.000000000000000e+00 +2.700000000000000e+01 +0.000000000000000e+00 +0.000000000000000e+00 +0.000000000000000e+00
2018 1 063 15 0 +1.620000742553325e+02 +1.620000742553325e+02 +5.270640361903668e+05 +9.394090377280082e-01 +9.790890792435343e-04 -4.280254779804906e-06 +3.222296883751266e+05 +4.148627027636922e-01 -3.298385412392182e-03 +7.033326132515499e-06 +8.550000000000000e+02 +0.000000000000000e+00 +0.000000000000000e+00 +0.000000000000000e+00 +2.700000000000000e+01 +0.000000000000000e+00 +0.000000000000000e+00 +0.000000000000000e+00
2019 1 063 15 0 +1.008007931034880e+03 +1.008007931034880e+03 +5.272237181135193e+05 +9.941322199876704e-01 +0.000000000000000e+00 +0.000000000000000e+00 +3.222402356817666e+05 -1.081717577854131e-01 +0.000000000000000e+00 +0.000000000000000e+00 +8.550000000000000e+02 +0.000000000000000e+00 +0.000000000000000e+00 +0.000000000000000e+00 +2.700000000000000e+01 +0.000000000000000e+00 +0.000000000000000e+00 +0.000000000000000e+00
2020 1 063 15 0 +1.620000742553325e+02 +1.620000742553325e+02 +5.282258112757641e+05 +9.196407165519600e-01 +1.101115697236875e-03 -4.280254779804906e-06 +3.221311976920050e+05 -1.000663199928236e-01 -1.198126547962611e-04 +7.033326132515498e-06 +8.550000000000000e+02 +0.000000000000000e+00 +0.000000000000000e+00 +0.000000000000000e+00 +2.700000000000000e+01 +0.000000000000000e+00 +0.000000000000000e+00 +0.000000000000000e+00
2021 1 063 15 0 +2.033811363238427e+02 +2.033811363238427e+02 +5.283854931989165e+05 +9.492317269294510e-01 -1.981533702019585e-03 -2.497288430838205e-06 +3.221417449986450e+05 +4.192006080071570e-01 +2.892570514909314e-03 -4.606168938134268e-06 +8.550000000000000e+02 +0.000000000000000e+00 +0.000000000000000e+00 +0.000000000000000e+00 +2.700000000000000e+01 +0.000000000000000e+00 +0.000000000000000e+00 +0.000000000000000e+00
2022 1 063 15 0 +2.033811363236750e+02 +2.033811363236750e+02 +5.284755763165897e+05 -1.666740915080301e-01 -3.298323549936840e-03 +3.828927118384996e-06 +3.223079004388200e+05 +1.024202015416398e+00 -1.189328279250920e-03 -3.576668689521923e-06 +8.550000000000000e+02 +0.000000000000000e+00 +0.000000000000000e+00 +0.000000000000000e+00 +2.700000000000000e+01 +0.000000000000000e+00 +0.000000000000000e+00 +0.000000000000000e+00
2023 1 063 15 0 +1.620000742553325e+02 +1.620000742553325e+02 +5.283374578325956e+05 -1.022478469720591e+00 +1.172637371276714e-04 +1.829311398512140e-06 +3.224369193628915e+05 +9.559383488121098e-02 -3.438635044567880e-03 +8.027569823654087e-06 +8.550000000000000e+02 +0.000000000000000e+00 +0.000000000000000e+00 +0.000000000000000e+00 +2.700000000000000e+01 +0.000000000000000e+00 +0.000000000000000e+00 +0.000000000000000e+00
2024 1 063 15 0 +1.008007931034906e+03 +1.008007931034906e+03 +5.281826710962409e+05 -9.085372991640048e-01 +0.000000000000000e+00 +0.000000000000000e+00 +3.223962914352100e+05 -4.178037530082463e-01 +0.000000000000000e+00 +0.000000000000000e+00 +8.550000000000000e+02 +0.000000000000000e+00 +0.000000000000000e+00 +0.000000000000000e+00 +2.700000000000000e+01 +0.000000000000000e+00 +0.000000000000000e+00 +0.000000000000000e+00
2025 1 063 15 0 +1.620000742553325e+02 +1.620000742553325e+02 +5.272668582930425e+05 -8.404595244159075e-01 -1.006309484312949e-03 +1.829311398512139e-06 +3.219751419385616e+05 -3.864972234773429e-01 -4.627656779976046e-04 +8.027569823654089e-06 +8.550000000000000e+02 +0.000000000000000e+00 +0.000000000000000e+00 +0.000000000000000e+00 +2.700000000000000e+01 +0.000000000000000e+00 +0.000000000000000e+00 +0.000000000000000e+00
2026 1 063 15 0 +2.033811363236750e+02 +2.033811363236750e+02 +5.271120715566878e+05 -1.033169753091169e+00 +9.621289052217213e-04 +3.828927118384996e-06 +3.219345140108801e+05 +9.659338725073395e-02 +3.371609106256663e-03 -3.576668689521923e-06 +8.550000000000000e+02 +0.000000000000000e+00 +0.000000000000000e+00 +0.000000000000000e+00 +2.700000000000000e+01 +0.000000000000000e+00 +0.000000000000000e+00 +0.000000000000000e+00
2027 1 063 15 0 +2.033811363238427e+02 +2.033811363238427e+02 +5.269739530726937e+05 -1.666740915080301e-01 +3.505237778402425e-03 -2.497288430838205e-06 +3.220635329349516e+05 +1.024202015416398e+00 -8.214689666960475e-05 -4.606168938134268e-06 +8.550000000000000e+02 +0.000000000000000e+00 +0.000000000000000e+00 +0.000000000000000e+00 +2.700000000000000e+01 +0.000000000000000e+00 +0.000000000000000e+00 +0.000000000000000e+00
2028 1 063 15 0 +1.620000742553325e+02 +1.620000742553325e+02 +5.270640361903668e+05 +9.394090377280082e-01 +9.790890792435343e-04 -4.280254779804906e-06 +3.222296883751266e+05 +4.148627027636922e-01 -3.298385412392182e-03 +7.033326132515499e-06 +8.550000000000000e+02 +0.000000000000000e+00 +0.000000000000000e+00 +0.000000000000000e+00 +2.700000000000000e+01 +0.000000000000000e+00 +0.000000000000000e+00 +0.000000000000000e+00
2029 1 063 15 0 +1.008007931034880e+03 +1.008007931034880e+03 +5.272237181135193e+05 +9.941322199876704e-01 +0.000000000000000e+00 +0.000000000000000e+00 +3.222402356817666e+05 -1.081717577854131e-01 +0.000000000000000e+00 +0.000000000000000e+00 +8.550000000000000e+02 +0.000000000000000e+00 +0.000000000000000e+00 +0.000000000000000e+00 +2.700000000000000e+01 +0.000000000000000e+00 +0.000000000000000e+00 +0.000000000000000e+00
2030 1 063 15 0 +1.620000742553325e+02 +1.620000742553325e+02 +5.282258112757641e+05 +9.196407165519600e-01 +1.101115697236875e-03 -4.280254779804906e-06 +3.221311976920050e+05 -1.000663199928236e-01 -1.198126547962611e-04 +7.033326132515498e-06 +8.550000000000000e+02 +0.000000000000000e+00 +0.000000000000000e+00 +0.000000000000000e+00 +2.700000000000000e+01 +0.000000000000000e+00 +0.000000000000000e+00 +0.000000000000000e+00
2031 1 063 15 0 +2.033811363238427e+02 +2.033811363238427e+02 +5.283854931989165e+05 +9.492317269294510e-01 -1.981533702019585e-03 -2.497288430838205e-06 +3.221417449986450e+05 +4.192006080071570e-01 +2.892570514909314e-03 -4.606168938134268e-06 +8.550000000000000e+02 +0.000000000000000e+00 +0.000000000000000e+00 +0.000000000000000e+00 +2.700000000000000e+01 +0.000000000000000e+00 +0.000000000000000e+00 +0.000000000000000e+00
2032 1 063 15 0 +2.033811363236750e+02 +2.033811363236750e+02 +5.284755763165897e+05 -1.666740915080301e-01 -3.298323549936840e-03 +3.828927118384996e-06 +3.223079004388200e+05 +1.024202015416398e+00 -1.189328279250920e-03 -3.576668689521923e-06 +8.550000000000000e+02 +0.000000000000000e+00 +0.000000000000000e+00 +0.000000000000000e+00 +2.700000000000000e+01 +0.000000000000000e+00 +0.000000000000000e+00 +0.000000000000000e+00
2033 1 063 15 0 +1.620000742553325e+02 +1.620000742553325e+02 +5.283374578325956e+05 -1.022478469720591e+00 +1.172637371276714e-04 +1.829311398512140e-06 +3.224369193628915e+05 +9.559383488121098e-02 -3.438635044567880e-03 +8.027569823654087e-06 +8.550000000000000e+02 +0.000000000000000e+00 +0.000000000000000e+00 +0.000000000000000e+00 +2.700000000000000e+01 +0.000000000000000e+00 +0.000000000000000e+00 +0.000000000000000e+00
2034 1 063 15 0 +1.008007931034906e+03 +1.008007931034906e+03 +5.281826710962409e+05 -9.085372991640048e-01 +0.000000000000000e+00 +0.000000000000000e+00 +3.223962914352100e+05 -4.178037530082463e-01 +0.000000000000000e+00 +0.000000000000000e+00 +8.550000000000000e+02 +0.000000000000000e+00 +0.000000000000000e+00 +0.000000000000000e+00 +2.700000000000000e+01 +0.000000000000000e+00 +0.000000000000000e+00 +0.000000000000000e+00
2035 1 063 15 0 +1.620000742553325e+02 +1.620000742553325e+02 +5.272668582930425e+05 -8.404595244159075e-01 -1.006309484312949e-03 +1.829311398512139e-06 +3.219751419385616e+05 -3.864972234773429e-01 -4.627656779976046e-04 +8.027569823654089e-06 +8.550000000000000e+02 +0.000000000000000e+00 +0.000000000000000e+00 +0.000000000000000e+00 +2.700000000000000e+01 +0.000000000000000e+00 +0.000000000000000e+00 +0.000000000000000e+00
2036 1 063 15 0 +2.033811363236750e+02 +2.033811363236750e+02 +5.271120715566878e+05 -1.033169753091169e+00 +9.621289052217213e-04 +3.828927118384996e-06 +3.219345140108801e+05 +9.659338725073395e-02 +3.371609106256663e-03 -3.576668689521923e-06 +8.550000000000000e+02 +0.000000000000000e+00 +0.000000000000000e+00 +0.000000000000000e+00 +2.700000000000000e+01 +0.000000000000000e+00 +0.000000000000000e+00 +0.000000000000000e+00
2037 1 063 15 0 +2.033811363238427e+02 +2.033811363238427e+02 +5.269739530726937e+05 -1.666740915080301e-01 +3.505237778402425e-03 -2.497288430838205e-06 +3.220635329349516e+05 +1.024202015416398e+00 -8.214689666960475e-05 -4.606168938134268e-06 +8.550000000000000e+02 +0.000000000000000e+00 +0.000000000000000e+00 +0.000000000000000e+00 +2.700000000000000e+01 +0.000000000000000e+00 +0.000000000000000e+00 +0.000000000000000e+00
2038 1 063 15 0 +1.620000742553325e+02 +1.620000742553325e+02 +5.270640361903668e+05 +9.394090377280082e-01 +9.790890792435343e-04 -4.280254779804906e-06 +3.222296883751266e+05 +4.148627027636922e-01 -3.298385412392182e-03 +7.033326132515499e-06 +8.550000000000000e+02 +0.000000000000000e+00 +0.000000000000000e+00 +0.000000000000000e+00 +2.700000000000000e+01 +0.000000000000000e+00 +0.000000000000000e+00 +0.000000000000000e+00
2039 1 063 15 0 +1.008007931034880e+03 +1.008007931034880e+03 +5.272237181135193e+05 +9.941322199876704e-01 +0.000000000000000e+00 +0.000000000000000e+00 +3.222402356817666e+05 -1.081717577854131e-01 +0.000000000000000e+00 +0.000000000000000e+00 +8.550000000000000e+02 +0.000000000000000e+00 +0.000000000000000e+00 +0.000000000000000e+00 +2.700000000000000e+01 +0.000000000000000e+00 +0.000000000000000e+00 +0.000000000000000e+00
2040 1 063 15 0 +1.620000742553325e+02 +1.620000742553325e+02 +5.282258112757641e+05 +9.196407165519600e-01 +1.101115697236875e-03 -4.280254779804906e-06 +3.221311976920050e+05 -1.000663199928236e-01 -1.198126547962611e-04 +7.033326132515498e-06 +8.550000000000000e+02 +0.000000000000000e+00 +0.000000000000000e+00 +0.000000000000000e+00 +2.700000000000000e+01 +0.000000000000000e+00 +0.000000000000000e+00 +0.000000000000000e+00
2041 1 063 15 0 +1.928648579578191e+02 +1.928648579578191e+02 +5.283854931989165e+05 +9.456282635999524e-01 -1.933873207320994e-03 -2.652215875315317e-06 +3.221417449986450e+05 +4.176092431424956e-01 +2.892708448683559e-03 -4.518041523805780e-06 +8.550000000000000e+02 +0.000000000000000e+00 +0.000000000000000e+00 +0.000000000000000e+00 +2.700000000000000e+01 +0.000000000000000e+00 +0.000000000000000e+00 +0.000000000000000e+00
2042 1 063 15 0 +1.928648579579576e+02 +1.928648579579576e+02 +5.284769107552744e+05 -9.628635485317373e-02 -3.356574866899987e-03 +3.444193915923039e-06 +3.222974745225823e+05 +1.029242066156547e+00 -9.170784666676997e-04 -3.947717888770299e-06 +8.550000000000000e+02 +0.000000000000000e+00 +0.000000000000000e+00 +0.000000000000000e+00 +2.700000000000000e+01 +0.000000000000000e+00 +0.000000000000000e+00 +0.000000000000000e+00
2043 1 063 15 0 +1.620000742553325e+02 +1.620000742553325e+02 +5.283581950073023e+05 -1.000056760216933e+00 -3.503216425157092e-04 +2.901456604509255e-06 +3.224335459208246e+05 +2.334242460711189e-01 -3.422752766496668e-03 +7.705180532506541e-06 +8.550000000000000e+02 +0.000000000000000e+00 +0.000000000000000e+00 +0.000000000000000e+00 +2.700000000000000e+01 +0.000000000000000e+00 +0.000000000000000e+00 +0.000000000000000e+00
2044 1 063 15 0 +1.121292090135821e+03 +1.121292090135821e+03 +5.281993275292307e+05 -9.568189063114767e-01 +0.000000000000000e+00 +0.000000000000000e+00 +3.224142926958958e+05 -2.906846754215118e-01 +0.000000000000000e+00 +0.000000000000000e+00 +8.550000000000000e+02 +0.000000000000000e+00 +0.000000000000000e+00 +0.000000000000000e+00 +2.700000000000000e+01 +0.000000000000000e+00 +0.000000000000000e+00 +0.000000000000000e+00
2045 1 063 15 0 +1.620000742553325e+02 +1.620000742553325e+02 +5.271264540578913e+05 -8.851233336162410e-01 -1.059786913621726e-03 +6.697248163792901e-06 +3.220883502686219e+05 -2.689033287729647e-01 -3.219666887535316e-04 -4.789063008453822e-06 +8.550000000000000e+02 +0.000000000000000e+00 +0.000000000000000e+00 +0.000000000000000e+00 +2.700000000000000e+01 +0.000000000000000e+00 +0.000000000000000e+00 +0.000000000000000e+00
2046 1 063 15 0 +1.391776185698486e+02 +1.391776185698486e+02 +5.269837245161074e+05 -6.945908031415203e-01 +2.714110020061864e-03 +1.553720081559696e-06 +3.220159773443947e+05 -7.431950990596390e-01 -1.988043942338483e-03 +5.001201484081773e-06 +8.550000000000000e+02 +0.000000000000000e+00 +0.000000000000000e+00 +0.000000000000000e+00 +2.700000000000000e+01 +0.000000000000000e+00 +0.000000000000000e+00 +0.000000000000000e+00
2047 1 063 15 0 +1.391776185693593e+02 +1.391776185693593e+02 +5.269438151614348e+05 +1.511845178556533e-01 +3.243711068050662e-03 -2.955139701173026e-06 +3.218875148715340e+05 -1.005951579667631e+00 +8.927768056838386e-04 +4.323564701057415e-06 +8.550000000000000e+02 +0.000000000000000e+00 +0.000000000000000e+00 +0.000000000000000e+00 +2.700000000000000e+01 +0.000000000000000e+00 +0.000000000000000e+00 +0.000000000000000e+00
2048 1 063 15 0 +1.620000742553325e+02 +1.620000742553325e+02 +5.270197218320293e+05 +8.907654724603359e-01 +1.319324359797888e-03 -4.993686759271353e-06 +3.217764583954373e+05 -5.110159247831448e-01 +3.177631977970292e-03 -6.546094256627087e-06 +8.550000000000000e+02 +0.000000000000000e+00 +0.000000000000000e+00 +0.000000000000000e+00 +2.700000000000000e+01 +0.000000000000000e+00 +0.000000000000000e+00 +0.000000000000000e+00
2049 1 063 15 0 +5.278517880008881e+05 +5.278517880008881e+05 +5.271774194566770e+05 +9.999942034006650e-01 +0.000000000000000e+00 +0.000000000000000e+00 +3.217492366864635e+05 +3.404873722984118e-03 +0.000000000000000e+00 +0.000000000000000e+00 +8.550000000000000e+02 +0.000000000000000e+00 +0.000000000000000e+00 +0.000000000000000e+00 +2.700000000000000e+01 +0.000000000000000e+00 +2.078043190354964e-10 -2.624528624123896e-16
2050 1 063 15 0 +2.778001273341442e+02 +2.778001273341442e+02 +1.055026147712242e+06 +9.757847728936426e-01 +2.098580146592954e-04 -5.578429272928729e-07 +3.235465053690579e+05 +3.322443191385582e-03 +7.145441815973786e-07 -1.313602367368767e-06 +8.550000000000000e+02 +0.000000000000000e+00 +0.000000000000000e+00 +0.000000000000000e+00 +4.630000000000000e+01 +0.000000000000000e+00 +0.000000000000000e+00 +0.000000000000000e+00
2051 1 063 15 0 +1.237861727362716e+02 +1.237861727362716e+02 +1.055301456804070e+06 +9.561297435432938e-01 -3.647673555996162e-04 -5.482422541262085e-07 +3.235193216335746e+05 -2.981894783374358e-01 -1.042559226628201e-03 +2.571231350275028e-07 +8.550000000000000e+02 +0.000000000000000e+00 +0.000000000000000e+00 +0.000000000000000e+00 +4.630000000000000e+01 +0.000000000000000e+00 +0.000000000000000e+00 +0.000000000000000e+00
2052 1 063 15 0 +2.778001273341442e+02 +2.778001273341442e+02 +1.055413183215819e+06 +8.468644933711389e-01 -6.781000968284969e-04 +6.533063679274875e-07 +3.234669224524042e+05 -5.485224095120111e-01 -8.956328846178339e-04 +1.268830446006442e-06 +8.550000000000000e+02 +0.000000000000000e+00 +0.000000000000000e+00 +0.000000000000000e+00 +4.630000000000000e+01 +0.000000000000000e+00 +0.000000000000000e+00 +0.000000000000000e+00
2053 1 063 15 0 +1.951621773626427e+03 +1.951621773626427e+03 +1.055610117324590e+06 +6.367807578159423e-01 +0.000000000000000e+00 +0.000000000000000e+00 +3.232726262653060e+05 -7.710449185847438e-01 +0.000000000000000e+00 +0.000000000000000e+00 +8.550000000000000e+02 +0.000000000000000e+00 +0.000000000000000e+00 +0.000000000000000e+00 +4.630000000000000e+01 +0.000000000000000e+00 +0.000000000000000e+00 +0.000000000000000e+00
2054 1 063 15 0 +2.778001273341442e+02 +2.778001273341442e+02 +1.056852872516569e+06 +6.213645689499181e-01 +1.336343202331071e-04 -1.369445728862957e-06 +3.217678382137520e+05 -7.523782520072867e-01 -1.618108937802517e-04 -4.016942951879174e-07 +8.550000000000000e+02 +0.000000000000000e+00 +0.000000000000000e+00 +0.000000000000000e+00 +4.630000000000000e+01 +0.000000000000000e+00 +0.000000000000000e+00 +0.000000000000000e+00
2055 1 063 15 0 +6.298779990351460e+02 +6.298779990351460e+02 +1.057006441562362e+06 +3.909389401115614e-01 -1.180940734600853e-03 +1.840213326363601e-07 +3.215377282407125e+05 -9.658652064947439e-01 -2.245807771315040e-04 +5.774032652349508e-07 +8.550000000000000e+02 +0.000000000000000e+00 +0.000000000000000e+00 +0.000000000000000e+00 +4.630000000000000e+01 +0.000000000000000e+00 +0.000000000000000e+00 +0.000000000000000e+00
2056 1 063 15 0 +6.298779990356635e+02 +6.298779990356635e+02 +1.056830138795404e+06 -8.777288886289343e-01 -4.374666669991232e-04 +6.013664847218254e-07 +3.209845434992760e+05 -5.615343712355473e-01 +1.119678730417070e-03 -7.494486388758569e-08 +8.550000000000000e+02 +0.000000000000000e+00 +0.000000000000000e+00 +0.000000000000000e+00 +4.630000000000000e+01 +0.000000000000000e+00 +0.000000000000000e+00 +0.000000000000000e+00
2057 1 063 15 0 +2.778001273341442e+02 +2.778001273341442e+02 +1.056253995944491e+06 -6.904806496290881e-01 +8.732206538489082e-04 -9.387125131921780e-07 +3.210563448860189e+05 +7.357260198996709e-01 +7.067274545532841e-04 -1.074969175680837e-06 +8.550000000000000e+02 +0.000000000000000e+00 +0.000000000000000e+00 +0.000000000000000e+00 +4.630000000000000e+01 +0.000000000000000e+00 +0.000000000000000e+00 +0.000000000000000e+00
2058 1 063 15 0 +2.501063095515833e+03 +2.501063095515833e+03 +1.056109444587890e+06 -4.331345648938039e-01 +0.000000000000000e+00 +0.000000000000000e+00 +3.212922240008693e+05 +9.013292676343397e-01 +0.000000000000000e+00 +0.000000000000000e+00 +8.550000000000000e+02 +0.000000000000000e+00 +0.000000000000000e+00 +0.000000000000000e+00 +4.630000000000000e+01 +0.000000000000000e+00 +0.000000000000000e+00 +0.000000000000000e+00
3000 1 065 15 0 +2.778001273341442e+02 +2.778001273341442e+02 +6.060951828891616e+05 -6.408250496076288e-01 -1.378196057064928e-04 -6.199060502239954e-07 +2.978227104775105e+05 +7.358737781951725e-01 +1.582613445318703e-04 -1.285479054665301e-06 +8.550000000000000e+02 +0.000000000000000e+00 +0.000000000000000e+00 +0.000000000000000e+00 +4.630000000000000e+01 +0.000000000000000e+00 +0.000000000000000e+00 +0.000000000000000e+00
3001 1 065 15 0 +6.517584439605880e+02 +6.517584439605880e+02 +6.058932357232593e+05 -8.917290409702864e-01 -4.072942261248913e-04 +5.974879695561563e-07 +2.980117908670334e+05 +5.450232899543214e-01 -1.138413889254513e-03 +1.016895786156138e-07 +8.550000000000000e+02 +0.000000000000000e+00 +0.000000000000000e+00 +0.000000000000000e+00 +4.630000000000000e+01 +0.000000000000000e+00 +0.000000000000000e+00 +0.000000000000000e+00
3002 1 065 15 0 +6.517584439606992e+02 +6.517584439606992e+02 +6.053044500931225e+05 -6.612248676067564e-01 +1.072451357916374e-03 -1.949363948094967e-08 +2.979115823847344e+05 -8.093285757718223e-01 -5.583214618690985e-04 +6.057661613068436e-07 +8.550000000000000e+02 +0.000000000000000e+00 +0.000000000000000e+00 +0.000000000000000e+00 +4.630000000000000e+01 +0.000000000000000e+00 +0.000000000000000e+00 +0.000000000000000e+00
3003 1 065 15 0 +2.778001273341442e+02 +2.778001273341442e+02 +6.053236598101216e+05 +6.872938596232656e-01 +7.642215720388990e-04 -1.136052170341278e-06 +2.973146391337020e+05 -7.387039017047174e-01 +8.233731803733184e-04 -8.637854926718694e-07 +8.550000000000000e+02 +0.000000000000000e+00 +0.000000000000000e+00 +0.000000000000000e+00 +4.630000000000000e+01 +0.000000000000000e+00 +0.000000000000000e+00 +0.000000000000000e+00
3004 1 065 15 0 +2.343318711793953e+03 +2.343318711793953e+03 +6.055492119164744e+05 +8.699390525539481e-01 +0.000000000000000e+00 +0.000000000000000e+00 +2.971544508106634e+05 -4.931592489668415e-01 +0.000000000000000e+00 +0.000000000000000e+00 +8.550000000000000e+02 +0.000000000000000e+00 +0.000000000000000e+00 +0.000000000000000e+00 +4.630000000000000e+01 +0.000000000000000e+00 +0.000000000000000e+00 +0.000000000000000e+00
3005 1 065 15 0 +2.778001273341442e+02 +2.778001273341442e+02 +6.075877563764444e+05 +8.488782014344828e-01 +1.825647406982145e-04 -1.136052170341278e-06 +2.959988215146651e+05 -4.812200751934767e-01 -1.034940208124228e-04 -8.637854926718697e-07 +8.550000000000000e+02 +0.000000000000000e+00 +0.000000000000000e+00 +0.000000000000000e+00 +4.630000000000000e+01 +0.000000000000000e+00 +0.000000000000000e+00 +0.000000000000000e+00
3006 1 065 15 0 +4.868922169544306e+02 +4.868922169544306e+02 +6.078133084827971e+05 +6.979397387219799e-01 -9.562225582568685e-04 -1.283713414666424e-07 +2.958386331916265e+05 -7.501460997066134e-01 -6.600299088579644e-04 +5.919679984293977e-07 +8.550000000000000e+02 +0.000000000000000e+00 +0.000000000000000e+00 +0.000000000000000e+00 +4.630000000000000e+01 +0.000000000000000e+00 +0.000000000000000e+00 +0.000000000000000e+00
3007 1 065 15 0 +4.868922169533689e+02 +4.868922169533689e+02 +6.079116267205626e+05 -3.245115868528170e-01 -1.037234126609127e-03 +4.582851255483667e-07 +2.953852512314981e+05 -9.718699911976997e-01 +5.235899427219656e-04 +3.960808707447080e-07 +8.550000000000000e+02 +0.000000000000000e+00 +0.000000000000000e+00 +0.000000000000000e+00 +4.630000000000000e+01 +0.000000000000000e+00 +0.000000000000000e+00 +0.000000000000000e+00
3008 1 065 15 0 +4.868922169538227e+02 +4.868922169538227e+02 +6.075606310433155e+05 -1.008625276128779e+00 -3.681946272822066e-05 +5.671308997816743e-07 +2.950818971278500e+05 -1.803166718484326e-01 +1.161311925653570e-03 -2.127624378975648e-07 +8.550000000000000e+02 +0.000000000000000e+00 +0.000000000000000e+00 +0.000000000000000e+00 +4.630000000000000e+01 +0.000000000000000e+00 +0.000000000000000e+00 +0.000000000000000e+00
3009 1 065 15 0 +2.778001273341442e+02 +2.778001273341442e+02 +6.071262715514593e+05 -6.313609808481300e-01 +9.253852586663518e-04 -1.019229998158120e-06 +2.952448496039929e+05 +7.870448625917746e-01 +6.368988368419968e-04 -9.989545144510392e-07 +8.550000000000000e+02 +0.000000000000000e+00 +0.000000000000000e+00 +0.000000000000000e+00 +4.630000000000000e+01 +0.000000000000000e+00 +0.000000000000000e+00 +0.000000000000000e+00
3010 1 065 15 0 +2.501063095516145e+03 +2.501063095516145e+03 +6.070004431550342e+05 -3.619501912988577e-01 +0.000000000000000e+00 +0.000000000000000e+00 +2.954912258734899e+05 +9.321974356426435e-01 +0.000000000000000e+00 +0.000000000000000e+00 +8.550000000000000e+02 +0.000000000000000e+00 +0.000000000000000e+00 +0.000000000000000e+00 +4.630000000000000e+01 +0.000000000000000e+00 +0.000000000000000e+00 +0.000000000000000e+00
4000 1 065 15 0 +2.778001273341442e+02 +2.778001273341442e+02 +6.060951828891616e+05 -3.531875325018394e-01 -7.595858885300534e-05 -1.019229998158277e-06 +2.978227104775105e+05 +9.096293357874513e-01 +1.956302371045657e-04 -9.989545144508791e-07 +8.550000000000000e+02 +0.000000000000000e+00 +0.000000000000000e+00 +0.000000000000000e+00 +4.630000000000000e+01 +0.000000000000000e+00 +0.000000000000000e+00 +0.000000000000000e+00
4001 1 065 15 0 +2.042813793885669e+02 +2.042813793885669e+02 +6.059693544927366e+05 -6.283857147409898e-01 -8.258908292693834e-04 +4.746754667193901e-07 +2.980690867470074e+05 +7.833359417440480e-01 -7.438110013275102e-04 -3.759942644063329e-07 +8.550000000000000e+02 +0.000000000000000e+00 +0.000000000000000e+00 +0.000000000000000e+00 +4.630000000000000e+01 +0.000000000000000e+00 +0.000000000000000e+00 +0.000000000000000e+00
4002 1 065 15 0 +2.778001273341442e+02 +2.778001273341442e+02 +6.058105683728463e+05 -9.106796180001304e-01 -4.081387852348135e-04 +7.390958643836554e-07 +2.981948625128642e+05 +4.344179292211069e-01 -1.046613939002692e-03 +1.220851020533828e-06 +8.550000000000000e+02 +0.000000000000000e+00 +0.000000000000000e+00 +0.000000000000000e+00 +4.630000000000000e+01 +0.000000000000000e+00 +0.000000000000000e+00 +0.000000000000000e+00
4003 1 065 15 0 +4.330644962588030e+03 +4.330644962588030e+03 +6.055419294143979e+05 -9.903018769330220e-01 +0.000000000000000e+00 +0.000000000000000e+00 +2.982609470157512e+05 +1.389323308050862e-01 +0.000000000000000e+00 +0.000000000000000e+00 +8.550000000000000e+02 +0.000000000000000e+00 +0.000000000000000e+00 +0.000000000000000e+00 +4.630000000000000e+01 +0.000000000000000e+00 +0.000000000000000e+00 +0.000000000000000e+00
4004 1 065 15 0 +1.445466065663040e+02 +1.445466065663040e+02 +6.012532835796165e+05 -9.902584230680715e-01 -7.260261459923665e-07 -2.545783316681458e-08 +2.988626136142928e+05 +1.389262345359781e-01 +1.018563198128478e-07 -2.088417032070472e-07 +8.550000000000000e+02 +0.000000000000000e+00 +0.000000000000000e+00 +0.000000000000000e+00 +4.630000000000000e+01 +0.000000000000000e+00 +0.000000000000000e+00 +0.000000000000000e+00
4005 1 065 15 0 +1.445466065663040e+02 +1.445466065663040e+02 +6.011100530299273e+05 -9.920640389256736e-01 -1.119734504848211e-05 +2.750163599886688e-08 +2.988820663319342e+05 +1.258652393724695e-01 -9.053231235816770e-05 +2.085824016674359e-07 +8.550000000000000e+02 +0.000000000000000e+00 +0.000000000000000e+00 +0.000000000000000e+00 +4.630000000000000e+01 +0.000000000000000e+00 +0.000000000000000e+00 +0.000000000000000e+00
4006 1 065 15 0 +1.160244617890578e+03 +1.160244617890578e+03 +6.009665026435410e+05 -9.936208803176001e-01 +0.000000000000000e+00 +0.000000000000000e+00 +2.988989981114129e+05 +1.127720984857400e-01 +0.000000000000000e+00 +0.000000000000000e+00 +8.550000000000000e+02 +0.000000000000000e+00 +0.000000000000000e+00 +0.000000000000000e+00 +4.630000000000000e+01 +0.000000000000000e+00 -1.811120843357473e-06 +1.040654597275209e-09
4007 1 065 15 0 +2.512955346982235e+02 +2.512955346982235e+02 +5.998136593649287e+05 -9.939144763935980e-01 +3.509955442614074e-06 +2.783606984326887e-08 +2.990298413317287e+05 +1.128054204964317e-01 -3.983663033325821e-07 -3.159285423413505e-09 +8.550000000000000e+02 +0.000000000000000e+00 -2.370554431019855e-04 +1.669856628041892e-09 +4.548730928308821e+01 +0.000000000000000e+00 +0.000000000000000e+00 +0.000000000000000e+00
4008 1 065 15 0 +4.557406477484928e+03 +4.557406477484928e+03 +5.995645564823085e+05 -9.865853897626318e-01 +0.000000000000000e+00 +0.000000000000000e+00 +2.990581135383295e+05 +1.119735977200286e-01 +0.000000000000000e+00 +0.000000000000000e+00 +8.400565793988405e+02 -1.187904967602592e-01 +0.000000000000000e+00 +0.000000000000000e+00 +4.548730928308821e+01 +0.000000000000000e+00 -6.256811148335551e-07 +9.152590300713406e-11
4009 1 065 15 4 +1.200000000000000e+01 +2.525454545454132e+02 +5.950682858364125e+05 -9.865853897626318e-01 +0.000000000000000e+00 +0.000000000000000e+00 +2.995684227378871e+05 +1.119735977200286e-01 +0.000000000000000e+00 +0.000000000000000e+00 +2.986800000000000e+02 -1.187904967602592e-01 +0.000000000000000e+00 +0.000000000000000e+00 +4.115552000000000e+01 +0.000000000000000e+00 +0.000000000000000e+00 +0.000000000000000e+00
4010 1 065 15 0 +1.066597564888937e+03 +1.066597564888937e+03 +5.948191281807070e+05 -9.935950548697463e-01 +0.000000000000000e+00 +0.000000000000000e+00 +2.995967011610204e+05 +1.127691673980319e-01 +0.000000000000000e+00 +0.000000000000000e+00 +2.686800000000000e+02 +7.209842074597972e-03 +0.000000000000000e+00 +0.000000000000000e+00 +0.000000000000000e+00 +0.000000000000000e+00 +0.000000000000000e+00 +0.000000000000000e+00
