0 0 4 64 75 86
1000 1 065 15 1 +3.858330000000000e+01 +1.066597564888937e+03 +5.937593621146972e+05 +9.935950548697462e-01 +0.000000000000000e+00 +0.000000000000000e+00 +2.997169804803617e+05 -1.127691673980327e-01 +0.000000000000000e+00 +0.000000000000000e+00 +2.763700000000000e+02 -7.209842074597972e-03 +0.000000000000000e+00 +0.000000000000000e+00 +6.700000000000000e+01 +0.000000000000000e+00 +0.000000000000000e+00 +0.000000000000000e+00
1001 1 065 15 0 +8.907358112968906e+03 +8.907358112968906e+03 +5.948191281807070e+05 +9.914996271758180e-01 +0.000000000000000e+00 +0.000000000000000e+00 +2.995967011610204e+05 -1.125313445191557e-01 +0.000000000000000e+00 +0.000000000000000e+00 +2.686800000000000e+02 +6.530839005001704e-02 +0.000000000000000e+00 +0.000000000000000e+00 +4.630000000000000e+01 +0.000000000000000e+00 +0.000000000000000e+00 +0.000000000000000e+00
1002 1 065 15 0 +1.417763088329044e+02 +1.417763088329044e+02 +6.036507704288372e+05 +9.915878648523567e-01 +0.000000000000000e+00 +0.000000000000000e+00 +2.985943441764545e+05 -1.125413591516437e-01 +0.000000000000000e+00 +0.000000000000000e+00 +8.504052179569570e+02 +6.531420211533563e-02 -2.355992004189524e-04 +2.471856041426680e-08 +4.630000000000000e+01 +0.000000000000000e+00 +0.000000000000000e+00 +0.000000000000000e+00
1003 1 065 15 0 +7.841872692790329e+02 +7.841872692790329e+02 +6.037915432470415e+05 +9.936208803176000e-01 +0.000000000000000e+00 +0.000000000000000e+00 +2.985783670100793e+05 -1.127720984857408e-01 +0.000000000000000e+00 +0.000000000000000e+00 +8.550000000000000e+02 +0.000000000000000e+00 +0.000000000000000e+00 +0.000000000000000e+00 +4.630000000000000e+01 +0.000000000000000e+00 +0.000000000000000e+00 +0.000000000000000e+00
2000 1 063 15 0 +2.778000000000000e+02 +2.778000000000000e+02 +1.053448694337864e+06 +9.751792318204305e-01 +2.097276779393585e-04 -6.083796379855063e-07 +3.240951336856969e+05 -3.453218658760901e-02 -7.426691495129694e-06 -1.290974715639626e-06 +8.550000000000000e+02 +0.000000000000000e+00 +0.000000000000000e+00 +0.000000000000000e+00 +4.630000000000000e+01 +0.000000000000000e+00 +0.000000000000000e+00 +0.000000000000000e+00
2001 1 063 15 0 +5.663605967791507e+02 +5.663605967791507e+02 +1.053722741592194e+06 +9.740849588353622e-01 -5.819480738121895e-04 -3.453066799384521e-07 +3.240572907955470e+05 -3.457901991263428e-01 -1.030054857121761e-03 +4.978328435703662e-07 +8.550000000000000e+02 +0.000000000000000e+00 +0.000000000000000e+00 +0.000000000000000e+00 +4.630000000000000e+01 +0.000000000000000e+00 +0.000000000000000e+00 +0.000000000000000e+00
2002 1 063 15 0 +5.663605967787627e+02 +5.663605967787627e+02 +1.054025025480529e+06 -1.738615085299887e-02 -1.161795493354677e-03 +3.618563256765477e-07 +3.236214844343122e+05 -1.033494117351251e+00 +2.234005392059785e-04 +4.859364597502133e-07 +8.550000000000000e+02 +0.000000000000000e+00 +0.000000000000000e+00 +0.000000000000000e+00 +4.630000000000000e+01 +0.000000000000000e+00 +0.000000000000000e+00 +0.000000000000000e+00
2003 1 063 15 0 +2.778000000000000e+02 +2.778000000000000e+02 +1.053708253916298e+06 -9.616682900177218e-01 -2.606891196657305e-04 +5.646123437372812e-07 +3.231960922508696e+05 -3.053692634427025e-01 +1.092711828565582e-03 -1.310707595780113e-06 +8.550000000000000e+02 +0.000000000000000e+00 +0.000000000000000e+00 +0.000000000000000e+00 +4.630000000000000e+01 +0.000000000000000e+00 +0.000000000000000e+00 +0.000000000000000e+00
2004 1 063 15 0 +5.254165135728673e+05 +5.254165135728673e+05 +1.053433088852244e+06 -9.999984615291215e-01 +0.000000000000000e+00 +0.000000000000000e+00 +3.231674885891369e+05 -1.754120688559819e-03 +0.000000000000000e+00 +0.000000000000000e+00 +8.550000000000000e+02 +0.000000000000000e+00 +0.000000000000000e+00 +0.000000000000000e+00 +4.630000000000000e+01 +0.000000000000000e+00 -2.314693123920228e-10 +2.936962789362622e-16
2005 1 063 15 0 +8.440926155741269e+01 +8.440926155741269e+01 +5.280173836173819e+05 -9.986217908535362e-01 -3.938224399190757e-05 +3.437138087816795e-07 +3.222458446125677e+05 -1.751705838331264e-03 -6.908131522770740e-08 +3.451959834569587e-06 +8.550000000000000e+02 +0.000000000000000e+00 +0.000000000000000e+00 +0.000000000000000e+00 +2.500000000000000e+01 +0.000000000000000e+00 +0.000000000000000e+00 +0.000000000000000e+00
2006 1 063 15 0 +8.440926155741269e+01 +8.440926155741269e+01 +5.279330168067265e+05 -9.979234394061129e-01 +7.834910435086735e-05 -1.555315706779839e-07 +3.222477723017000e+05 +7.202148053933856e-02 +8.718478718221806e-04 -3.465541200498320e-06 +8.550000000000000e+02 +0.000000000000000e+00 +0.000000000000000e+00 +0.000000000000000e+00 +2.500000000000000e+01 +0.000000000000000e+00 +0.000000000000000e+00 +0.000000000000000e+00
2007 1 063 15 0 +4.223669921273396e+02 +4.223669921273396e+02 +5.278492475193169e+05 -9.893831678108183e-01 +0.000000000000000e+00 +0.000000000000000e+00 +3.222579792215331e+05 +1.453304759939572e-01 +0.000000000000000e+00 +0.000000000000000e+00 +8.550000000000000e+02 +0.000000000000000e+00 +0.000000000000000e+00 +0.000000000000000e+00 +2.500000000000000e+01 +0.000000000000000e+00 +0.000000000000000e+00 +0.000000000000000e+00
2008 1 063 15 0 +1.500000000000000e+02 +1.500000000000000e+02 +5.274313647266672e+05 -9.017734424912116e-01 -1.396665276759040e-03 +5.614794781303437e-06 +3.223193620175431e+05 +1.324614849936647e-01 +2.051561377628318e-04 -9.110571877308123e-06 +8.550000000000000e+02 +0.000000000000000e+00 +0.000000000000000e+00 +0.000000000000000e+00 +2.500000000000000e+01 +0.000000000000000e+00 +0.000000000000000e+00 +0.000000000000000e+00
2009 1 063 15 0 +1.890680765940283e+02 +1.890680765940283e+02 +5.272836236739533e+05 -9.536900017606164e-01 +2.421308338094105e-03 +3.016678340379272e-06 +3.223130990733057e+05 -4.262813331992423e-01 -3.362299973845628e-03 +6.460335822672617e-06 +8.550000000000000e+02 +0.000000000000000e+00 +0.000000000000000e+00 +0.000000000000000e+00 +2.500000000000000e+01 +0.000000000000000e+00 +0.000000000000000e+00 +0.000000000000000e+00
2010 1 063 15 0 +1.890680765951541e+02 +1.890680765951541e+02 +5.272102536358724e+05 +2.854034459433014e-01 +3.674218854697029e-03 -5.962092172128435e-06 +3.221559742386797e+05 -1.004880723039295e+00 +1.915179101177576e-03 +3.910210235179523e-06 +8.550000000000000e+02 +0.000000000000000e+00 +0.000000000000000e+00 +0.000000000000000e+00 +2.500000000000000e+01 +0.000000000000000e+00 +0.000000000000000e+00 +0.000000000000000e+00
2011 1 063 15 0 +1.500000000000000e+02 +1.500000000000000e+02 +5.273552604547582e+05 +1.022446088890274e+00 -1.085837182633652e-03 +1.225723397330274e-08 +3.220608721954776e+05 +1.369171933732304e-01 +3.907142042688688e-03 -1.070178910874090e-05 +8.550000000000000e+02 +0.000000000000000e+00 +0.000000000000000e+00 +0.000000000000000e+00 +2.500000000000000e+01 +0.000000000000000e+00 +0.000000000000000e+00 +0.000000000000000e+00
2012 1 063 15 0 +2.854499359692290e+02 +2.854499359692290e+02 +5.274842373996471e+05 +7.652884723542560e-01 +0.000000000000000e+00 +0.000000000000000e+00 +3.221332019322021e+05 +6.436874661523938e-01 +0.000000000000000e+00 +0.000000000000000e+00 +8.550000000000000e+02 +0.000000000000000e+00 +0.000000000000000e+00 +0.000000000000000e+00 +2.500000000000000e+01 +0.000000000000000e+00 +0.000000000000000e+00 +0.000000000000000e+00
2013 1 063 15 0 +1.500000000000000e+02 +1.500000000000000e+02 +5.277026889450786e+05 +6.975222973933758e-01 +1.080321427345666e-03 +1.225723397330444e-08 +3.223169424781995e+05 +5.866890413398262e-01 +9.086630562447174e-04 -1.070178910874090e-05 +8.550000000000000e+02 +0.000000000000000e+00 +0.000000000000000e+00 +0.000000000000000e+00 +2.500000000000000e+01 +0.000000000000000e+00 +0.000000000000000e+00 +0.000000000000000e+00
2014 1 063 15 0 +1.391754856738702e+02 +1.391754856738702e+02 +5.278316658899676e+05 +1.014579629594714e+00 -3.518419042252121e-05 -6.584699168653168e-06 +3.223892722149240e+05 +1.358637847483302e-01 -3.977003076884948e-03 +2.723644974967667e-06 +8.550000000000000e+02 +0.000000000000000e+00 +0.000000000000000e+00 +0.000000000000000e+00 +2.500000000000000e+01 +0.000000000000000e+00 +0.000000000000000e+00 +0.000000000000000e+00
2015 1 063 15 0 +1.391754856741576e+02 +1.391754856741576e+02 +5.279544379361656e+05 +6.221528457803253e-01 -3.468507022157521e-03 -9.092458348940053e-07 +3.223384897177881e+05 -8.128693802094716e-01 -1.946085927374499e-03 +7.067515624433869e-06 +8.550000000000000e+02 +0.000000000000000e+00 +0.000000000000000e+00 +0.000000000000000e+00 +2.500000000000000e+01 +0.000000000000000e+00 +0.000000000000000e+00 +0.000000000000000e+00
2016 1 063 15 0 +1.391754856735697e+02 +1.391754856735697e+02 +5.279713908703516e+05 -3.961452260148648e-01 -3.412592487227183e-03 +5.680887654886890e-06 +3.222067155345595e+05 -9.438748607205933e-01 +2.042548387770368e-03 +4.301629987250455e-06 +8.550000000000000e+02 +0.000000000000000e+00 +0.000000000000000e+00 +0.000000000000000e+00 +2.500000000000000e+01 +0.000000000000000e+00 +0.000000000000000e+00 +0.000000000000000e+00
2017 1 063 15 0 +1.500000000000000e+02 +1.500000000000000e+02 +5.278654704351574e+05 -1.023807349583254e+00 +6.152827632133987e-05 +2.696909067530980e-06 +3.221265114277368e+05 -1.263361922314085e-01 +4.054752224260843e-03 -1.035640487086224e-05 +8.550000000000000e+02 +0.000000000000000e+00 +0.000000000000000e+00 +0.000000000000000e+00 +2.500000000000000e+01 +0.000000000000000e+00 +0.000000000000000e+00 +0.000000000000000e+00
2018 1 063 15 0 +2.854499359688818e+02 +2.854499359688818e+02 +5.277223857870401e+05 -9.032940521751007e-01 +0.000000000000000e+00 +0.000000000000000e+00 +3.221638400575090e+05 +4.290219753172166e-01 +0.000000000000000e+00 +0.000000000000000e+00 +8.550000000000000e+02 +0.000000000000000e+00 +0.000000000000000e+00 +0.000000000000000e+00 +2.500000000000000e+01 +0.000000000000000e+00 +0.000000000000000e+00 +0.000000000000000e+00
2019 1 063 15 0 +1.500000000000000e+02 +1.500000000000000e+02 +5.274645405576857e+05 -8.233075046285115e-01 -1.275137356710282e-03 +2.696909067530981e-06 +3.222863043528926e+05 +3.910321462636427e-01 +6.056299676271675e-04 -1.035640487086224e-05 +8.550000000000000e+02 +0.000000000000000e+00 +0.000000000000000e+00 +0.000000000000000e+00 +2.500000000000000e+01 +0.000000000000000e+00 +0.000000000000000e+00 +0.000000000000000e+00
2020 1 063 15 0 +1.391754856736669e+02 +1.391754856736669e+02 +5.273214559095684e+05 -1.015930417068668e+00 +1.040671591960620e-03 +5.680887654874980e-06 +3.223236329826647e+05 -1.253641913361606e-01 -3.838592715646611e-03 +4.301629987241437e-06 +8.550000000000000e+02 +0.000000000000000e+00 +0.000000000000000e+00 +0.000000000000000e+00 +2.500000000000000e+01 +0.000000000000000e+00 +0.000000000000000e+00 +0.000000000000000e+00
2021 1 063 15 0 +1.391754856741576e+02 +1.391754856741576e+02 +5.272155354743741e+05 -3.961452260148648e-01 +3.848141214150877e-03 -9.092458348940048e-07 +3.222434288758421e+05 -9.438748607205933e-01 -1.004788831290806e-03 +7.067515624433865e-06 +8.550000000000000e+02 +0.000000000000000e+00 +0.000000000000000e+00 +0.000000000000000e+00 +2.500000000000000e+01 +0.000000000000000e+00 +0.000000000000000e+00 +0.000000000000000e+00
2022 1 063 15 0 +1.391754856739829e+02 +1.391754856739829e+02 +5.272324884085600e+05 +6.221528457803255e-01 +2.784470304861066e-03 -6.584699168637172e-06 +3.221116546926135e+05 -8.128693802094712e-01 +2.839809240059523e-03 +2.723644974961051e-06 +8.550000000000000e+02 +0.000000000000000e+00 +0.000000000000000e+00 +0.000000000000000e+00 +2.500000000000000e+01 +0.000000000000000e+00 +0.000000000000000e+00 +0.000000000000000e+00
2023 1 063 15 0 +1.500000000000000e+02 +1.500000000000000e+02 +5.273552604547582e+05 +1.022446088890274e+00 -1.085837182633652e-03 +1.225723397330274e-08 +3.220608721954776e+05 +1.369171933732304e-01 +3.907142042688688e-03 -1.070178910874090e-05 +8.550000000000000e+02 +0.000000000000000e+00 +0.000000000000000e+00 +0.000000000000000e+00 +2.500000000000000e+01 +0.000000000000000e+00 +0.000000000000000e+00 +0.000000000000000e+00
2024 1 063 15 0 +2.854499359692290e+02 +2.854499359692290e+02 +5.274842373996471e+05 +7.652884723542560e-01 +0.000000000000000e+00 +0.000000000000000e+00 +3.221332019322021e+05 +6.436874661523938e-01 +0.000000000000000e+00 +0.000000000000000e+00 +8.550000000000000e+02 +0.000000000000000e+00 +0.000000000000000e+00 +0.000000000000000e+00 +2.500000000000000e+01 +0.000000000000000e+00 +0.000000000000000e+00 +0.000000000000000e+00
2025 1 063 15 0 +1.500000000000000e+02 +1.500000000000000e+02 +5.277026889450786e+05 +6.975222973933758e-01 +1.080321427345666e-03 +1.225723397330444e-08 +3.223169424781995e+05 +5.866890413398262e-01 +9.086630562447174e-04 -1.070178910874090e-05 +8.550000000000000e+02 +0.000000000000000e+00 +0.000000000000000e+00 +0.000000000000000e+00 +2.500000000000000e+01 +0.000000000000000e+00 +0.000000000000000e+00 +0.000000000000000e+00
2026 1 063 15 0 +1.391754856738702e+02 +1.391754856738702e+02 +5.278316658899676e+05 +1.014579629594714e+00 -3.518419042252121e-05 -6.584699168653168e-06 +3.223892722149240e+05 +1.358637847483302e-01 -3.977003076884948e-03 +2.723644974967667e-06 +8.550000000000000e+02 +0.000000000000000e+00 +0.000000000000000e+00 +0.000000000000000e+00 +2.500000000000000e+01 +0.000000000000000e+00 +0.000000000000000e+00 +0.000000000000000e+00
2027 1 063 15 0 +1.391754856741576e+02 +1.391754856741576e+02 +5.279544379361656e+05 +6.221528457803253e-01 -3.468507022157521e-03 -9.092458348940053e-07 +3.223384897177881e+05 -8.128693802094716e-01 -1.946085927374499e-03 +7.067515624433869e-06 +8.550000000000000e+02 +0.000000000000000e+00 +0.000000000000000e+00 +0.000000000000000e+00 +2.500000000000000e+01 +0.000000000000000e+00 +0.000000000000000e+00 +0.000000000000000e+00
2028 1 063 15 0 +1.391754856735697e+02 +1.391754856735697e+02 +5.279713908703516e+05 -3.961452260148648e-01 -3.412592487227183e-03 +5.680887654886890e-06 +3.222067155345595e+05 -9.438748607205933e-01 +2.042548387770368e-03 +4.301629987250455e-06 +8.550000000000000e+02 +0.000000000000000e+00 +0.000000000000000e+00 +0.000000000000000e+00 +2.500000000000000e+01 +0.000000000000000e+00 +0.000000000000000e+00 +0.000000000000000e+00
2029 1 063 15 0 +1.500000000000000e+02 +1.500000000000000e+02 +5.278654704351574e+05 -1.023807349583254e+00 +6.152827632133987e-05 +2.696909067530980e-06 +3.221265114277368e+05 -1.263361922314085e-01 +4.054752224260843e-03 -1.035640487086224e-05 +8.550000000000000e+02 +0.000000000000000e+00 +0.000000000000000e+00 +0.000000000000000e+00 +2.500000000000000e+01 +0.000000000000000e+00 +0.000000000000000e+00 +0.000000000000000e+00
2030 1 063 15 0 +2.854499359688818e+02 +2.854499359688818e+02 +5.277223857870401e+05 -9.032940521751007e-01 +0.000000000000000e+00 +0.000000000000000e+00 +3.221638400575090e+05 +4.290219753172166e-01 +0.000000000000000e+00 +0.000000000000000e+00 +8.550000000000000e+02 +0.000000000000000e+00 +0.000000000000000e+00 +0.000000000000000e+00 +2.500000000000000e+01 +0.000000000000000e+00 +0.000000000000000e+00 +0.000000000000000e+00
2031 1 063 15 0 +1.500000000000000e+02 +1.500000000000000e+02 +5.274645405576857e+05 -8.233075046285115e-01 -1.275137356710282e-03 +2.696909067530981e-06 +3.222863043528926e+05 +3.910321462636427e-01 +6.056299676271675e-04 -1.035640487086224e-05 +8.550000000000000e+02 +0.000000000000000e+00 +0.000000000000000e+00 +0.000000000000000e+00 +2.500000000000000e+01 +0.000000000000000e+00 +0.000000000000000e+00 +0.000000000000000e+00
2032 1 063 15 0 +1.391754856736669e+02 +1.391754856736669e+02 +5.273214559095684e+05 -1.015930417068668e+00 +1.040671591960620e-03 +5.680887654874980e-06 +3.223236329826647e+05 -1.253641913361606e-01 -3.838592715646611e-03 +4.301629987241437e-06 +8.550000000000000e+02 +0.000000000000000e+00 +0.000000000000000e+00 +0.000000000000000e+00 +2.500000000000000e+01 +0.000000000000000e+00 +0.000000000000000e+00 +0.000000000000000e+00
2033 1 063 15 0 +1.391754856741576e+02 +1.391754856741576e+02 +5.272155354743741e+05 -3.961452260148648e-01 +3.848141214150877e-03 -9.092458348940048e-07 +3.222434288758421e+05 -9.438748607205933e-01 -1.004788831290806e-03 +7.067515624433865e-06 +8.550000000000000e+02 +0.000000000000000e+00 +0.000000000000000e+00 +0.000000000000000e+00 +2.500000000000000e+01 +0.000000000000000e+00 +0.000000000000000e+00 +0.000000000000000e+00
2034 1 063 15 0 +1.391754856739829e+02 +1.391754856739829e+02 +5.272324884085600e+05 +6.221528457803255e-01 +2.784470304861066e-03 -6.584699168637172e-06 +3.221116546926135e+05 -8.128693802094712e-01 +2.839809240059523e-03 +2.723644974961051e-06 +8.550000000000000e+02 +0.000000000000000e+00 +0.000000000000000e+00 +0.000000000000000e+00 +2.500000000000000e+01 +0.000000000000000e+00 +0.000000000000000e+00 +0.000000000000000e+00
2035 1 063 15 0 +1.500000000000000e+02 +1.500000000000000e+02 +5.273552604547582e+05 +1.022446088890274e+00 -1.085837182633652e-03 +1.225723397330274e-08 +3.220608721954776e+05 +1.369171933732304e-01 +3.907142042688688e-03 -1.070178910874090e-05 +8.550000000000000e+02 +0.000000000000000e+00 +0.000000000000000e+00 +0.000000000000000e+00 +2.500000000000000e+01 +0.000000000000000e+00 +0.000000000000000e+00 +0.000000000000000e+00
2036 1 063 15 0 +2.854499359692290e+02 +2.854499359692290e+02 +5.274842373996471e+05 +7.652884723542560e-01 +0.000000000000000e+00 +0.000000000000000e+00 +3.221332019322021e+05 +6.436874661523938e-01 +0.000000000000000e+00 +0.000000000000000e+00 +8.550000000000000e+02 +0.000000000000000e+00 +0.000000000000000e+00 +0.000000000000000e+00 +2.500000000000000e+01 +0.000000000000000e+00 +0.000000000000000e+00 +0.000000000000000e+00
2037 1 063 15 0 +1.500000000000000e+02 +1.500000000000000e+02 +5.277026889450786e+05 +6.975222973933758e-01 +1.080321427345666e-03 +1.225723397330444e-08 +3.223169424781995e+05 +5.866890413398262e-01 +9.086630562447174e-04 -1.070178910874090e-05 +8.550000000000000e+02 +0.000000000000000e+00 +0.000000000000000e+00 +0.000000000000000e+00 +2.500000000000000e+01 +0.000000000000000e+00 +0.000000000000000e+00 +0.000000000000000e+00
2038 1 063 15 0 +1.391754856738702e+02 +1.391754856738702e+02 +5.278316658899676e+05 +1.014579629594714e+00 -3.518419042252121e-05 -6.584699168653168e-06 +3.223892722149240e+05 +1.358637847483302e-01 -3.977003076884948e-03 +2.723644974967667e-06 +8.550000000000000e+02 +0.000000000000000e+00 +0.000000000000000e+00 +0.000000000000000e+00 +2.500000000000000e+01 +0.000000000000000e+00 +0.000000000000000e+00 +0.000000000000000e+00
2039 1 063 15 0 +1.391754856741576e+02 +1.391754856741576e+02 +5.279544379361656e+05 +6.221528457803253e-01 -3.468507022157521e-03 -9.092458348940053e-07 +3.223384897177881e+05 -8.128693802094716e-01 -1.946085927374499e-03 +7.067515624433869e-06 +8.550000000000000e+02 +0.000000000000000e+00 +0.000000000000000e+00 +0.000000000000000e+00 +2.500000000000000e+01 +0.000000000000000e+00 +0.000000000000000e+00 +0.000000000000000e+00
2040 1 063 15 0 +1.391754856735697e+02 +1.391754856735697e+02 +5.279713908703516e+05 -3.961452260148648e-01 -3.412592487227183e-03 +5.680887654886890e-06 +3.222067155345595e+05 -9.438748607205933e-01 +2.042548387770368e-03 +4.301629987250455e-06 +8.550000000000000e+02 +0.000000000000000e+00 +0.000000000000000e+00 +0.000000000000000e+00 +2.500000000000000e+01 +0.000000000000000e+00 +0.000000000000000e+00 +0.000000000000000e+00
2041 1 063 15 0 +1.500000000000000e+02 +1.500000000000000e+02 +5.278654704351574e+05 -1.023807349583254e+00 +6.152827632133987e-05 +2.696909067530980e-06 +3.221265114277368e+05 -1.263361922314085e-01 +4.054752224260843e-03 -1.035640487086224e-05 +8.550000000000000e+02 +0.000000000000000e+00 +0.000000000000000e+00 +0.000000000000000e+00 +2.500000000000000e+01 +0.000000000000000e+00 +0.000000000000000e+00 +0.000000000000000e+00
2042 1 063 15 0 +2.854499359688818e+02 +2.854499359688818e+02 +5.277223857870401e+05 -9.032940521751007e-01 +0.000000000000000e+00 +0.000000000000000e+00 +3.221638400575090e+05 +4.290219753172166e-01 +0.000000000000000e+00 +0.000000000000000e+00 +8.550000000000000e+02 +0.000000000000000e+00 +0.000000000000000e+00 +0.000000000000000e+00 +2.500000000000000e+01 +0.000000000000000e+00 +0.000000000000000e+00 +0.000000000000000e+00
2043 1 063 15 0 +1.500000000000000e+02 +1.500000000000000e+02 +5.274645405576857e+05 -8.233075046285115e-01 -1.275137356710282e-03 +2.696909067530981e-06 +3.222863043528926e+05 +3.910321462636427e-01 +6.056299676271675e-04 -1.035640487086224e-05 +8.550000000000000e+02 +0.000000000000000e+00 +0.000000000000000e+00 +0.000000000000000e+00 +2.500000000000000e+01 +0.000000000000000e+00 +0.000000000000000e+00 +0.000000000000000e+00
2044 1 063 15 0 +1.890680765940139e+02 +1.890680765940139e+02 +5.273214559095684e+05 -1.036760880378936e+00 +1.329105297807416e-03 +4.778219191721226e-06 +3.223236329826647e+05 -1.279346372487696e-01 -3.924445730314406e-03 +5.291966412378834e-06 +8.550000000000000e+02 +0.000000000000000e+00 +0.000000000000000e+00 +0.000000000000000e+00 +2.500000000000000e+01 +0.000000000000000e+00 +0.000000000000000e+00 +0.000000000000000e+00
2045 1 063 15 0 +1.890680765942267e+02 +1.890680765942267e+02 +5.272052426164993e+05 -2.176087314728108e-02 +4.074264472315447e-03 -4.553643147914140e-06 +3.221949246043116e+05 -1.044397845120311e+00 +7.537666695803015e-04 +5.486403305924004e-06 +8.550000000000000e+02 +0.000000000000000e+00 +0.000000000000000e+00 +0.000000000000000e+00 +2.500000000000000e+01 +0.000000000000000e+00 +0.000000000000000e+00 +0.000000000000000e+00
2046 1 063 15 0 +1.500000000000000e+02 +1.500000000000000e+02 +5.273159938910751e+05 +1.017656453730401e+00 +1.074198797058024e-04 -3.125949315075421e-06 +3.220614872357668e+05 -1.688717404099452e-01 +4.053796035616409e-03 -1.023508091063913e-05 +8.550000000000000e+02 +0.000000000000000e+00 +0.000000000000000e+00 +0.000000000000000e+00 +2.500000000000000e+01 +0.000000000000000e+00 +0.000000000000000e+00 +0.000000000000000e+00
2047 1 063 15 0 +4.223669921272441e+02 +4.223669921272441e+02 +5.274605092274897e+05 +9.203803779013913e-01 +0.000000000000000e+00 +0.000000000000000e+00 +3.220928234874336e+05 +3.910242447394948e-01 +0.000000000000000e+00 +0.000000000000000e+00 +8.550000000000000e+02 +0.000000000000000e+00 +0.000000000000000e+00 +0.000000000000000e+00 +2.500000000000000e+01 +0.000000000000000e+00 +0.000000000000000e+00 +0.000000000000000e+00
2048 1 063 15 0 +1.014714695264784e+02 +1.014714695264784e+02 +5.278492475193169e+05 +9.110148892765763e-01 +2.226291986606274e-04 +8.804247721301440e-07 +3.222579792215331e+05 +3.870453103749592e-01 +9.458417014737862e-05 -6.629816372614347e-06 +8.550000000000000e+02 +0.000000000000000e+00 +0.000000000000000e+00 +0.000000000000000e+00 +2.500000000000000e+01 +0.000000000000000e+00 +0.000000000000000e+00 +0.000000000000000e+00
2049 1 063 15 0 +1.014714695264784e+02 +1.014714695264784e+02 +5.279449016963555e+05 +9.833916862159571e-01 +3.052538095447327e-04 -1.797357041133195e-06 +3.222913003488053e+05 +2.014495999349707e-01 -1.961604815257609e-03 +6.441981106822232e-06 +8.550000000000000e+02 +0.000000000000000e+00 +0.000000000000000e+00 +0.000000000000000e+00 +2.500000000000000e+01 +0.000000000000000e+00 +0.000000000000000e+00 +0.000000000000000e+00
2050 1 063 15 0 +5.269816729634810e+05 +5.269816729634810e+05 +5.280459530562949e+05 +9.999971947648086e-01 +0.000000000000000e+00 +0.000000000000000e+00 +3.222982747134361e+05 +2.368641491083222e-03 +0.000000000000000e+00 +0.000000000000000e+00 +8.550000000000000e+02 +0.000000000000000e+00 +0.000000000000000e+00 +0.000000000000000e+00 +2.500000000000000e+01 +0.000000000000000e+00 +2.300964055793431e-10 -2.910871698002908e-16
2051 1 063 15 0 +2.778000000000000e+02 +2.778000000000000e+02 +1.055026147712242e+06 +9.757877146116937e-01 +2.098585417628625e-04 -5.592038208529051e-07 +3.235465053690579e+05 +2.311297751052321e-03 +4.970810437069740e-07 -1.313024214201589e-06 +8.550000000000000e+02 +0.000000000000000e+00 +0.000000000000000e+00 +0.000000000000000e+00 +4.630000000000000e+01 +0.000000000000000e+00 +0.000000000000000e+00 +0.000000000000000e+00
2052 1 063 15 0 +1.232215919040225e+02 +1.232215919040225e+02 +1.055301428363632e+06 +9.558067958976737e-01 -3.656705338448994e-04 -5.481355436042905e-07 +3.235190363881784e+05 -2.991757409504259e-01 -1.042203898132142e-03 +2.573505058341076e-07 +8.550000000000000e+02 +0.000000000000000e+00 +0.000000000000000e+00 +0.000000000000000e+00 +4.630000000000000e+01 +0.000000000000000e+00 +0.000000000000000e+00 +0.000000000000000e+00
2053 1 063 15 0 +2.778000000000000e+02 +2.778000000000000e+02 +1.055412626687728e+06 +8.469777586800564e-01 -6.779150573750999e-04 +6.530445901690736e-07 +3.234668285989631e+05 -5.483474841580435e-01 -8.957729245647836e-04 +1.268965824436220e-06 +8.550000000000000e+02 +0.000000000000000e+00 +0.000000000000000e+00 +0.000000000000000e+00 +4.630000000000000e+01 +0.000000000000000e+00 +0.000000000000000e+00 +0.000000000000000e+00
2054 1 063 15 0 +1.951814546086514e+03 +1.951814546086514e+03 +1.055609600850348e+06 +6.369401018230256e-01 +0.000000000000000e+00 +0.000000000000000e+00 +3.232725731969774e+05 -7.709132938856832e-01 +0.000000000000000e+00 +0.000000000000000e+00 +8.550000000000000e+02 +0.000000000000000e+00 +0.000000000000000e+00 +0.000000000000000e+00 +4.630000000000000e+01 +0.000000000000000e+00 +0.000000000000000e+00 +0.000000000000000e+00
2055 1 063 15 0 +2.778000000000000e+02 +2.778000000000000e+02 +1.056852789806072e+06 +6.215200698124016e-01 +1.336676959281939e-04 -1.369363142994387e-06 +3.217678934161998e+05 -7.522498314421836e-01 -1.617831935203624e-04 -4.019777144876602e-07 +8.550000000000000e+02 +0.000000000000000e+00 +0.000000000000000e+00 +0.000000000000000e+00 +4.630000000000000e+01 +0.000000000000000e+00 +0.000000000000000e+00 +0.000000000000000e+00
2056 1 063 15 0 +6.299250342784101e+02 +6.299250342784101e+02 +1.057006406348025e+06 +3.911411530428906e-01 -1.180912773160083e-03 +1.839318243885996e-07 +3.215378152990770e+05 -9.657904152571158e-01 -2.248067232133119e-04 +5.774319173181116e-07 +8.550000000000000e+02 +0.000000000000000e+00 +0.000000000000000e+00 +0.000000000000000e+00 +4.630000000000000e+01 +0.000000000000000e+00 +0.000000000000000e+00 +0.000000000000000e+00
2057 1 063 15 0 +6.299250342778346e+02 +6.299250342778346e+02 +1.056830178395994e+06 -8.776763796201477e-01 -4.375677946266786e-04 +6.013704774919062e-07 +3.209845687656756e+05 -5.616286143557006e-01 +1.119655065512406e-03 -7.491384358136236e-08 +8.550000000000000e+02 +0.000000000000000e+00 +0.000000000000000e+00 +0.000000000000000e+00 +4.630000000000000e+01 +0.000000000000000e+00 +0.000000000000000e+00 +0.000000000000000e+00
2058 1 063 15 0 +2.778000000000000e+02 +2.778000000000000e+02 +1.056253995954419e+06 -6.904805502886113e-01 +8.732207031674454e-04 -9.387130520446004e-07 +3.210563448885707e+05 +7.357261017214791e-01 +7.067273597073929e-04 -1.074969444336583e-06 +8.550000000000000e+02 +0.000000000000000e+00 +0.000000000000000e+00 +0.000000000000000e+00 +4.630000000000000e+01 +0.000000000000000e+00 +0.000000000000000e+00 +0.000000000000000e+00
2059 1 063 15 0 +2.501063221666365e+03 +2.501063221666365e+03 +1.056109444671486e+06 -4.331345764712100e-01 +0.000000000000000e+00 +0.000000000000000e+00 +3.212922239010809e+05 +9.013292620708070e-01 +0.000000000000000e+00 +0.000000000000000e+00 +8.550000000000000e+02 +0.000000000000000e+00 +0.000000000000000e+00 +0.000000000000000e+00 +4.630000000000000e+01 +0.000000000000000e+00 +0.000000000000000e+00 +0.000000000000000e+00
3000 1 065 15 0 +2.778000000000000e+02 +2.778000000000000e+02 +6.060951828891616e+05 -6.408250645642171e-01 -1.378195395994046e-04 -6.199065150099381e-07 +2.978227104775105e+05 +7.358737953689297e-01 +1.582612686193539e-04 -1.285479448682251e-06 +8.550000000000000e+02 +0.000000000000000e+00 +0.000000000000000e+00 +0.000000000000000e+00 +4.630000000000000e+01 +0.000000000000000e+00 +0.000000000000000e+00 +0.000000000000000e+00
3001 1 065 15 0 +6.517585065476279e+02 +6.517585065476279e+02 +6.058932358238657e+05 -8.917289723543960e-01 -4.072943650419578e-04 +5.974879769865044e-07 +2.980117907904964e+05 +5.450234196534302e-01 -1.138413861062721e-03 +1.016895360399049e-07 +8.550000000000000e+02 +0.000000000000000e+00 +0.000000000000000e+00 +0.000000000000000e+00 +4.630000000000000e+01 +0.000000000000000e+00 +0.000000000000000e+00 +0.000000000000000e+00
3002 1 065 15 0 +6.517585065486599e+02 +6.517585065486599e+02 +6.053044501401127e+05 -6.612248753498230e-01 +1.072451387961092e-03 -1.949367969451378e-08 +2.979115823422661e+05 -8.093285811866262e-01 -5.583214480121878e-04 +6.057661601939175e-07 +8.550000000000000e+02 +0.000000000000000e+00 +0.000000000000000e+00 +0.000000000000000e+00 +4.630000000000000e+01 +0.000000000000000e+00 +0.000000000000000e+00 +0.000000000000000e+00
3003 1 065 15 0 +2.778000000000000e+02 +2.778000000000000e+02 +6.053236598982504e+05 +6.872939538368319e-01 +7.642214742240622e-04 -1.136052468014433e-06 +2.973146390453922e+05 -7.387038026844606e-01 +8.233732420561354e-04 -8.637860211038985e-07 +8.550000000000000e+02 +0.000000000000000e+00 +0.000000000000000e+00 +0.000000000000000e+00 +4.630000000000000e+01 +0.000000000000000e+00 +0.000000000000000e+00 +0.000000000000000e+00
3004 1 065 15 0 +2.343318842483315e+03 +2.343318842483315e+03 +6.055492119087541e+05 +8.699390501277443e-01 +0.000000000000000e+00 +0.000000000000000e+00 +2.971544508045688e+05 -4.931592532466951e-01 +0.000000000000000e+00 +0.000000000000000e+00 +8.550000000000000e+02 +0.000000000000000e+00 +0.000000000000000e+00 +0.000000000000000e+00 +4.630000000000000e+01 +0.000000000000000e+00 +0.000000000000000e+00 +0.000000000000000e+00
3005 1 065 15 0 +2.778000000000000e+02 +2.778000000000000e+02 +6.075877564767305e+05 +8.488782188786720e-01 +1.825646526191664e-04 -1.136052468014433e-06 +2.959988214340908e+05 -4.812200906007351e-01 -1.034939720681462e-04 -8.637860211038989e-07 +8.550000000000000e+02 +0.000000000000000e+00 +0.000000000000000e+00 +0.000000000000000e+00 +4.630000000000000e+01 +0.000000000000000e+00 +0.000000000000000e+00 +0.000000000000000e+00
3006 1 065 15 0 +4.868922567135643e+02 +4.868922567135643e+02 +6.078133084872342e+05 +6.979398429654242e-01 -9.562224860825356e-04 -1.283713956251070e-07 +2.958386331932675e+05 -7.501460083642085e-01 -6.600300307566448e-04 +5.919679867374410e-07 +8.550000000000000e+02 +0.000000000000000e+00 +0.000000000000000e+00 +0.000000000000000e+00 +4.630000000000000e+01 +0.000000000000000e+00 +0.000000000000000e+00 +0.000000000000000e+00
3007 1 065 15 0 +4.868922567122048e+02 +4.868922567122048e+02 +6.079116267737113e+05 -3.245115417922508e-01 -1.037234153276573e-03 +4.582851240202745e-07 +2.953852512087245e+05 -9.718700106017123e-01 +5.235899117504259e-04 +3.960808726042643e-07 +8.550000000000000e+02 +0.000000000000000e+00 +0.000000000000000e+00 +0.000000000000000e+00 +4.630000000000000e+01 +0.000000000000000e+00 +0.000000000000000e+00 +0.000000000000000e+00
3008 1 065 15 0 +4.868922567125583e+02 +4.868922567125583e+02 +6.075606310718039e+05 -1.008625287372212e+00 -3.681940106257654e-05 +5.671308820585130e-07 +2.950818970813332e+05 -1.803166324460378e-01 +1.161311937468678e-03 -2.127624853112040e-07 +8.550000000000000e+02 +0.000000000000000e+00 +0.000000000000000e+00 +0.000000000000000e+00 +4.630000000000000e+01 +0.000000000000000e+00 +0.000000000000000e+00 +0.000000000000000e+00
3009 1 065 15 0 +2.778000000000000e+02 +2.778000000000000e+02 +6.071262715615552e+05 -6.313608754630746e-01 +9.253853004828961e-04 -1.019230556217503e-06 +2.952448496057680e+05 +7.870449364652869e-01 +6.368987384580147e-04 -9.989547405206852e-07 +8.550000000000000e+02 +0.000000000000000e+00 +0.000000000000000e+00 +0.000000000000000e+00 +4.630000000000000e+01 +0.000000000000000e+00 +0.000000000000000e+00 +0.000000000000000e+00
3010 1 065 15 0 +2.501063221666130e+03 +2.501063221666130e+03 +6.070004432306420e+05 -3.619502032728780e-01 +0.000000000000000e+00 +0.000000000000000e+00 +2.954912257675212e+05 +9.321974309934148e-01 +0.000000000000000e+00 +0.000000000000000e+00 +8.550000000000000e+02 +0.000000000000000e+00 +0.000000000000000e+00 +0.000000000000000e+00 +4.630000000000000e+01 +0.000000000000000e+00 +0.000000000000000e+00 +0.000000000000000e+00
4000 1 065 15 0 +2.778000000000000e+02 +2.778000000000000e+02 +6.060951828891616e+05 -3.531875524297337e-01 -7.595855493138038e-05 -1.019230556216731e-06 +2.978227104775105e+05 +9.096293524799540e-01 +1.956301422918657e-04 -9.989547405214729e-07 +8.550000000000000e+02 +0.000000000000000e+00 +0.000000000000000e+00 +0.000000000000000e+00 +4.630000000000000e+01 +0.000000000000000e+00 +0.000000000000000e+00 +0.000000000000000e+00
4001 1 065 15 0 +2.042814947006451e+02 +2.042814947006451e+02 +6.059693545582483e+05 -6.283856180398841e-01 -8.258909084128515e-04 +4.746754665453549e-07 +2.980690866392627e+05 +7.833360254741389e-01 -7.438109318771947e-04 -3.759942646022373e-07 +8.550000000000000e+02 +0.000000000000000e+00 +0.000000000000000e+00 +0.000000000000000e+00 +4.630000000000000e+01 +0.000000000000000e+00 +0.000000000000000e+00 +0.000000000000000e+00
4002 1 065 15 0 +2.778000000000000e+02 +2.778000000000000e+02 +6.058105683502905e+05 -9.106796654516516e-01 -4.081386806967849e-04 +7.390959576348674e-07 +2.981948624749780e+05 +4.344178104244987e-01 -1.046613956871548e-03 +1.220851614957357e-06 +8.550000000000000e+02 +0.000000000000000e+00 +0.000000000000000e+00 +0.000000000000000e+00 +4.630000000000000e+01 +0.000000000000000e+00 +0.000000000000000e+00 +0.000000000000000e+00
4003 1 065 15 0 +4.330645189702358e+03 +4.330645189702358e+03 +6.055419295117732e+05 -9.903018750414290e-01 +0.000000000000000e+00 +0.000000000000000e+00 +2.982609469389655e+05 +1.389323442882545e-01 +0.000000000000000e+00 +0.000000000000000e+00 +8.550000000000000e+02 +0.000000000000000e+00 +0.000000000000000e+00 +0.000000000000000e+00 +4.630000000000000e+01 +0.000000000000000e+00 +0.000000000000000e+00 +0.000000000000000e+00
4004 1 065 15 0 +1.445465465447042e+02 +1.445465465447042e+02 +6.012532834602718e+05 -9.902584211310109e-01 -7.260272036390223e-07 -2.545786832953099e-08 +2.988626136274515e+05 +1.389262480121643e-01 +1.018564782727444e-07 -2.088419843997236e-07 +8.550000000000000e+02 +0.000000000000000e+00 +0.000000000000000e+00 +0.000000000000000e+00 +4.630000000000000e+01 +0.000000000000000e+00 +0.000000000000000e+00 +0.000000000000000e+00
4005 1 065 15 0 +1.445465465447042e+02 +1.445465465447042e+02 +6.011100529702796e+05 -9.920640380860346e-01 -1.119735595092754e-05 +2.750167501076358e-08 +2.988820663386397e+05 +1.258652461281279e-01 -9.053239663880918e-05 +2.085826823576216e-07 +8.550000000000000e+02 +0.000000000000000e+00 +0.000000000000000e+00 +0.000000000000000e+00 +4.630000000000000e+01 +0.000000000000000e+00 +0.000000000000000e+00 +0.000000000000000e+00
4006 1 065 15 0 +1.160244617890578e+03 +1.160244617890578e+03 +6.009665026435410e+05 -9.936208803176001e-01 +0.000000000000000e+00 +0.000000000000000e+00 +2.988989981114129e+05 +1.127720984857400e-01 +0.000000000000000e+00 +0.000000000000000e+00 +8.550000000000000e+02 +0.000000000000000e+00 +0.000000000000000e+00 +0.000000000000000e+00 +4.630000000000000e+01 +0.000000000000000e+00 -1.811120843357473e-06 +1.040654597275209e-09
4007 1 065 15 0 +2.512955346982235e+02 +2.512955346982235e+02 +5.998136593649287e+05 -9.939144763935980e-01 +3.509955442614074e-06 +2.783606984326887e-08 +2.990298413317287e+05 +1.128054204964317e-01 -3.983663033325821e-07 -3.159285423413505e-09 +8.550000000000000e+02 +0.000000000000000e+00 -2.370554431019855e-04 +1.669856628041892e-09 +4.548730928308821e+01 +0.000000000000000e+00 +0.000000000000000e+00 +0.000000000000000e+00
4008 1 065 15 0 +4.557406477484928e+03 +4.557406477484928e+03 +5.995645564823085e+05 -9.865853897626318e-01 +0.000000000000000e+00 +0.000000000000000e+00 +2.990581135383295e+05 +1.119735977200286e-01 +0.000000000000000e+00 +0.000000000000000e+00 +8.400565793988405e+02 -1.187904967602592e-01 +0.000000000000000e+00 +0.000000000000000e+00 +4.548730928308821e+01 +0.000000000000000e+00 -6.256811148335551e-07 +9.152590300713406e-11
4009 1 065 15 4 +1.200000000000000e+01 +2.525454545454132e+02 +5.950682858364125e+05 -9.865853897626318e-01 +0.000000000000000e+00 +0.000000000000000e+00 +2.995684227378871e+05 +1.119735977200286e-01 +0.000000000000000e+00 +0.000000000000000e+00 +2.986800000000000e+02 -1.187904967602592e-01 +0.000000000000000e+00 +0.000000000000000e+00 +4.115552000000000e+01 +0.000000000000000e+00 +0.000000000000000e+00 +0.000000000000000e+00
4010 1 065 15 0 +1.066597564888937e+03 +1.066597564888937e+03 +5.948191281807070e+05 -9.935950548697463e-01 +0.000000000000000e+00 +0.000000000000000e+00 +2.995967011610204e+05 +1.127691673980319e-01 +0.000000000000000e+00 +0.000000000000000e+00 +2.686800000000000e+02 +7.209842074597972e-03 +0.000000000000000e+00 +0.000000000000000e+00 +0.000000000000000e+00 +0.000000000000000e+00 +0.000000000000000e+00 +0.000000000000000e+00
