0 0 4 73 84 95
1000 1 065 15 1 +3.858330000000000e+01 +1.066597564888937e+03 +5.937593621146972e+05 +9.935950548697462e-01 +0.000000000000000e+00 +0.000000000000000e+00 +2.997169804803617e+05 -1.127691673980327e-01 +0.000000000000000e+00 +0.000000000000000e+00 +2.763700000000000e+02 -7.209842074597972e-03 +0.000000000000000e+00 +0.000000000000000e+00 +6.700000000000000e+01 +0.000000000000000e+00 +0.000000000000000e+00 +0.000000000000000e+00
1001 1 065 15 0 +8.907358112968906e+03 +8.907358112968906e+03 +5.948191281807070e+05 +9.914996271758180e-01 +0.000000000000000e+00 +0.000000000000000e+00 +2.995967011610204e+05 -1.125313445191557e-01 +0.000000000000000e+00 +0.000000000000000e+00 +2.686800000000000e+02 +6.530839005001704e-02 +0.000000000000000e+00 +0.000000000000000e+00 +4.630000000000000e+01 +0.000000000000000e+00 +0.000000000000000e+00 +0.000000000000000e+00
1002 1 065 15 0 +1.417763088329044e+02 +1.417763088329044e+02 +6.036507704288372e+05 +9.915878648523567e-01 +0.000000000000000e+00 +0.000000000000000e+00 +2.985943441764545e+05 -1.125413591516437e-01 +0.000000000000000e+00 +0.000000000000000e+00 +8.504052179569570e+02 +6.531420211533563e-02 -2.355992004189524e-04 +2.471856041426680e-08 +4.630000000000000e+01 +0.000000000000000e+00 +0.000000000000000e+00 +0.000000000000000e+00
1003 1 065 15 0 +7.841872692790329e+02 +7.841872692790329e+02 +6.037915432470415e+05 +9.936208803176000e-01 +0.000000000000000e+00 +0.000000000000000e+00 +2.985783670100793e+05 -1.127720984857408e-01 +0.000000000000000e+00 +0.000000000000000e+00 +8.550000000000000e+02 +0.000000000000000e+00 +0.000000000000000e+00 +0.000000000000000e+00 +4.630000000000000e+01 +0.000000000000000e+00 +0.000000000000000e+00 +0.000000000000000e+00
2000 1 063 15 0 +1.332608525295416e+02 +1.332608525295416e+02 +1.053448694337864e+06 +9.922464734459440e-01 +1.290530281638676e-04 -8.356776427223506e-07 +3.240951336856969e+05 -3.513655668999723e-02 -4.569911973935148e-06 -3.109134554836697e-06 +8.550000000000000e+02 +0.000000000000000e+00 +0.000000000000000e+00 +0.000000000000000e+00 +4.630000000000000e+01 +0.000000000000000e+00 +0.000000000000000e+00 +0.000000000000000e+00
2001 1 063 15 0 +5.510092734629417e+02 +5.510092734629417e+02 +1.053581236094357e+06 +1.020519248920206e+00 -5.334297826775332e-04 -4.941005972611416e-07 +3.240830124154678e+05 -2.098922861238876e-01 -1.264373962269602e-03 +6.164907547308356e-07 +8.550000000000000e+02 +0.000000000000000e+00 +0.000000000000000e+00 +0.000000000000000e+00 +4.630000000000000e+01 +0.000000000000000e+00 +0.000000000000000e+00 +0.000000000000000e+00
2002 1 063 15 0 +5.510092734636363e+02 +5.510092734636363e+02 +1.053898937025141e+06 -1.737371965795536e-02 -1.341261217000561e-03 +5.143833537047504e-07 +3.236866160385264e+05 -1.041735313338384e+00 +2.901847640380814e-04 +5.996715903818862e-07 +8.550000000000000e+02 +0.000000000000000e+00 +0.000000000000000e+00 +0.000000000000000e+00 +4.630000000000000e+01 +0.000000000000000e+00 +0.000000000000000e+00 +0.000000000000000e+00
2003 1 063 15 0 +1.332608525295416e+02 +1.332608525295416e+02 +1.053568194518131e+06 -9.883104169077235e-01 -1.633214789851716e-04 +7.315354792682645e-07 +3.233010341884205e+05 -1.691326075566664e-01 +1.253691026622724e-03 -3.135272020925349e-06 +8.550000000000000e+02 +0.000000000000000e+00 +0.000000000000000e+00 +0.000000000000000e+00 +4.630000000000000e+01 +0.000000000000000e+00 +0.000000000000000e+00 +0.000000000000000e+00
2004 1 063 15 0 +5.254412168649014e+05 +5.254412168649014e+05 +1.053435322276012e+06 -9.999979108772672e-01 +0.000000000000000e+00 +0.000000000000000e+00 +3.232933394057509e+05 -2.044074632000612e-03 +0.000000000000000e+00 +0.000000000000000e+00 +8.550000000000000e+02 +0.000000000000000e+00 +0.000000000000000e+00 +0.000000000000000e+00 +4.630000000000000e+01 +0.000000000000000e+00 -2.314475481321130e-10 +2.936548570400427e-16
2005 1 063 15 0 +4.130397413709902e+01 +4.130397413709902e+01 +5.279952031223018e+05 -9.976602436463603e-01 -1.366470024234200e-04 +2.441024624691442e-06 +3.222192983437497e+05 -2.039296255733242e-03 -2.793172547206656e-07 +1.877295999049634e-05 +8.550000000000000e+02 +0.000000000000000e+00 +0.000000000000000e+00 +0.000000000000000e+00 +2.500000000000000e+01 +0.000000000000000e+00 +0.000000000000000e+00 +0.000000000000000e+00
2006 1 063 15 0 +7.089837761972635e+01 +7.089837761972635e+01 +5.279539346747344e+05 -9.978427855859637e-01 +3.164440106375145e-04 +2.617363522824707e-06 +3.222205364791024e+05 +9.414960355790927e-02 +2.318121101649390e-03 -6.936487257695415e-07 +8.550000000000000e+02 +0.000000000000000e+00 +0.000000000000000e+00 +0.000000000000000e+00 +2.500000000000000e+01 +0.000000000000000e+00 +0.000000000000000e+00 +0.000000000000000e+00
2007 1 063 15 0 +4.130397413709902e+01 +4.130397413709902e+01 +5.278857126377296e+05 -9.122324717791650e-01 +1.007854158755443e-03 -7.176714767223963e-06 +3.222386165542863e+05 +4.118180939534294e-01 +2.102761283462327e-03 -1.751791634792894e-05 +8.550000000000000e+02 +0.000000000000000e+00 +0.000000000000000e+00 +0.000000000000000e+00 +2.500000000000000e+01 +0.000000000000000e+00 +0.000000000000000e+00 +0.000000000000000e+00
2008 1 063 15 0 +4.462512629865321e+02 +4.462512629865321e+02 +5.278492475193169e+05 -8.677350072337463e-01 +0.000000000000000e+00 +0.000000000000000e+00 +3.222579792215331e+05 +4.970271192008041e-01 +0.000000000000000e+00 +0.000000000000000e+00 +8.550000000000000e+02 +0.000000000000000e+00 +0.000000000000000e+00 +0.000000000000000e+00 +2.500000000000000e+01 +0.000000000000000e+00 +0.000000000000000e+00 +0.000000000000000e+00
2009 1 063 15 0 +4.130397413709902e+01 +4.130397413709902e+01 +5.274620196764012e+05 -8.657065273044817e-01 -1.185736353512332e-04 -7.176714767209616e-06 +3.224797782012150e+05 +4.958652327640530e-01 +6.791740784973845e-05 -1.751791634793482e-05 +8.550000000000000e+02 +0.000000000000000e+00 +0.000000000000000e+00 +0.000000000000000e+00 +2.500000000000000e+01 +0.000000000000000e+00 +0.000000000000000e+00 +0.000000000000000e+00
2010 1 063 15 0 +3.132435279096098e+02 +3.132435279096098e+02 +5.274255545579882e+05 -9.539547929372777e-01 -5.468167485033042e-04 +2.585308116741331e-06 +3.224991408684617e+05 +4.306532125282789e-01 -2.505064948981615e-03 +8.134325062293857e-07 +8.550000000000000e+02 +0.000000000000000e+00 +0.000000000000000e+00 +0.000000000000000e+00 +2.500000000000000e+01 +0.000000000000000e+00 +0.000000000000000e+00 +0.000000000000000e+00
2011 1 063 15 0 +3.132435279095494e+02 +3.132435279095494e+02 +5.271525417515620e+05 -5.355054163291936e-01 +2.427400885134802e-03 -5.166340029781350e-07 +3.224132410525270e+05 -8.992918800428641e-01 -8.258837072834486e-04 +2.660560055264593e-06 +8.550000000000000e+02 +0.000000000000000e+00 +0.000000000000000e+00 +0.000000000000000e+00 +2.500000000000000e+01 +0.000000000000000e+00 +0.000000000000000e+00 +0.000000000000000e+00
2012 1 063 15 0 +3.132435279091068e+02 +3.132435279091068e+02 +5.272070991554301e+05 +8.331510954685145e-01 +1.094409719970721e-03 -2.701854646239398e-06 +3.221322815171247e+05 -6.335228398002284e-01 +2.318755338543638e-03 -2.132415796530788e-07 +8.550000000000000e+02 +0.000000000000000e+00 +0.000000000000000e+00 +0.000000000000000e+00 +2.500000000000000e+01 +0.000000000000000e+00 +0.000000000000000e+00 +0.000000000000000e+00
2013 1 063 15 0 +4.130397413709902e+01 +4.130397413709902e+01 +5.274924194678316e+05 +6.918133422717015e-01 -1.721574663300722e-03 +1.321129097386476e-05 +3.221548001800766e+05 +7.232955996897936e-01 +1.572754176351085e-03 -1.355892395535155e-05 +8.550000000000000e+02 +0.000000000000000e+00 +0.000000000000000e+00 +0.000000000000000e+00 +2.500000000000000e+01 +0.000000000000000e+00 +0.000000000000000e+00 +0.000000000000000e+00
2014 1 063 15 0 +2.399072885401867e+02 +2.399072885401867e+02 +5.275189880084263e+05 +6.186599272883613e-01 +0.000000000000000e+00 +0.000000000000000e+00 +3.221864028760763e+05 +7.856588918656491e-01 +0.000000000000000e+00 +0.000000000000000e+00 +8.550000000000000e+02 +0.000000000000000e+00 +0.000000000000000e+00 +0.000000000000000e+00 +2.500000000000000e+01 +0.000000000000000e+00 +0.000000000000000e+00 +0.000000000000000e+00
2015 1 063 15 0 +4.130397413709902e+01 +4.130397413709902e+01 +5.276674090341105e+05 +6.172137032279245e-01 +8.453820119412346e-05 +1.321129097386476e-05 +3.223748881705413e+05 +7.838222789825544e-01 +1.073581567851127e-04 -1.355892395535155e-05 +8.550000000000000e+02 +0.000000000000000e+00 +0.000000000000000e+00 +0.000000000000000e+00 +2.500000000000000e+01 +0.000000000000000e+00 +0.000000000000000e+00 +0.000000000000000e+00
2016 1 063 15 0 +2.650092413675001e+02 +2.650092413675001e+02 +5.276939775747051e+05 +7.139511367507099e-01 +1.485166621856341e-03 -2.659862975457495e-06 +3.224064908665409e+05 +7.464408158270319e-01 -2.008754568828377e-03 -5.141898574020178e-07 +8.550000000000000e+02 +0.000000000000000e+00 +0.000000000000000e+00 +0.000000000000000e+00 +2.500000000000000e+01 +0.000000000000000e+00 +0.000000000000000e+00 +0.000000000000000e+00
2017 1 063 15 0 +2.650092413679780e+02 +2.650092413679780e+02 +5.279379800929509e+05 +9.407111798143296e-01 -1.403792722650578e-03 -1.365778199627475e-06 +3.224536600708235e+05 -4.265707366574595e-01 -2.066441580197919e-03 +2.339639324132122e-06 +8.550000000000000e+02 +0.000000000000000e+00 +0.000000000000000e+00 +0.000000000000000e+00 +2.500000000000000e+01 +0.000000000000000e+00 +0.000000000000000e+00 +0.000000000000000e+00
2018 1 063 15 0 +2.650092413675380e+02 +2.650092413675380e+02 +5.280632697500313e+05 -9.108030011483874e-02 -2.414656529486236e-03 +1.755543532780372e-06 +3.222390332678100e+05 -1.028885074306721e+00 +6.405065629443377e-04 +2.063329630026619e-06 +8.550000000000000e+02 +0.000000000000000e+00 +0.000000000000000e+00 +0.000000000000000e+00 +2.500000000000000e+01 +0.000000000000000e+00 +0.000000000000000e+00 +0.000000000000000e+00
2019 1 063 15 0 +2.650092413679049e+02 +2.650092413679049e+02 +5.279022249718462e+05 -1.001017960419162e+00 -1.950180122222084e-04 +2.528172027264095e-06 +3.220497537333583e+05 -2.546824692011935e-01 +2.490538654054671e-03 -9.734518262678640e-07 +8.550000000000000e+02 +0.000000000000000e+00 +0.000000000000000e+00 +0.000000000000000e+00 +2.500000000000000e+01 +0.000000000000000e+00 +0.000000000000000e+00 +0.000000000000000e+00
2020 1 063 15 0 +4.130397413709902e+01 +4.130397413709902e+01 +5.276703031221476e+05 -5.539937079871120e-01 +1.971088347274975e-03 -1.538773959930570e-05 +3.221390533323241e+05 +8.335785485402387e-01 +1.245867467985895e-03 -1.102724344734829e-05 +8.550000000000000e+02 +0.000000000000000e+00 +0.000000000000000e+00 +0.000000000000000e+00 +2.500000000000000e+01 +0.000000000000000e+00 +0.000000000000000e+00 +0.000000000000000e+00
2021 1 063 15 0 +2.399072885390300e+02 +2.399072885390300e+02 +5.276496993908876e+05 -4.710225351078542e-01 +0.000000000000000e+00 +0.000000000000000e+00 +3.221748318734057e+05 +8.821211772883418e-01 +0.000000000000000e+00 +0.000000000000000e+00 +8.550000000000000e+02 +0.000000000000000e+00 +0.000000000000000e+00 +0.000000000000000e+00 +2.500000000000000e+01 +0.000000000000000e+00 +0.000000000000000e+00 +0.000000000000000e+00
2022 1 063 15 0 +4.130397413709902e+01 +4.130397413709902e+01 +5.275366976516491e+05 -4.699214388621887e-01 -6.436395196056361e-05 -1.538773959930570e-05 +3.223864591732118e+05 +8.800590672105049e-01 +1.205394664724098e-04 -1.102724344734829e-05 +8.550000000000000e+02 +0.000000000000000e+00 +0.000000000000000e+00 +0.000000000000000e+00 +2.500000000000000e+01 +0.000000000000000e+00 +0.000000000000000e+00 +0.000000000000000e+00
2023 1 063 15 0 +2.650092413683683e+02 +2.650092413683683e+02 +5.275160939203892e+05 -5.717213204812723e-01 -1.814948840754142e-03 +2.528172027263343e-06 +3.224222377142934e+05 +8.602527819817303e-01 -1.716617464082592e-03 -9.734518262627577e-07 +8.550000000000000e+02 +0.000000000000000e+00 +0.000000000000000e+00 +0.000000000000000e+00 +2.500000000000000e+01 +0.000000000000000e+00 +0.000000000000000e+00 +0.000000000000000e+00
2024 1 063 15 0 +2.650092413675380e+02 +2.650092413675380e+02 +5.272841720706901e+05 -1.001017960419162e+00 +1.018950750051395e-03 +1.755543532780372e-06 +3.225115373132592e+05 -2.546824692011935e-01 -2.280910822767867e-03 +2.063329630026619e-06 +8.550000000000000e+02 +0.000000000000000e+00 +0.000000000000000e+00 +0.000000000000000e+00 +2.500000000000000e+01 +0.000000000000000e+00 +0.000000000000000e+00 +0.000000000000000e+00
2025 1 063 15 0 +2.650092413679780e+02 +2.650092413679780e+02 +5.271231272925050e+05 -9.108030011483872e-02 +2.489624256327895e-03 -1.365778199627475e-06 +3.223222577788075e+05 -1.028885074306721e+00 +2.063634531176864e-04 +2.339639324132122e-06 +8.550000000000000e+02 +0.000000000000000e+00 +0.000000000000000e+00 +0.000000000000000e+00 +2.500000000000000e+01 +0.000000000000000e+00 +0.000000000000000e+00 +0.000000000000000e+00
2026 1 063 15 0 +2.650092413679876e+02 +2.650092413679876e+02 +5.272484169495854e+05 +9.407111798143298e-01 +6.294981859454573e-04 -2.659862975442816e-06 +3.221076309757940e+05 -4.265707366574600e-01 +2.417549760870964e-03 -5.141898572991002e-07 +8.550000000000000e+02 +0.000000000000000e+00 +0.000000000000000e+00 +0.000000000000000e+00 +2.500000000000000e+01 +0.000000000000000e+00 +0.000000000000000e+00 +0.000000000000000e+00
2027 1 063 15 0 +4.130397413709902e+01 +4.130397413709902e+01 +5.274924194678316e+05 +6.918133422717015e-01 -1.721574663300722e-03 +1.321129097386476e-05 +3.221548001800766e+05 +7.232955996897936e-01 +1.572754176351085e-03 -1.355892395535155e-05 +8.550000000000000e+02 +0.000000000000000e+00 +0.000000000000000e+00 +0.000000000000000e+00 +2.500000000000000e+01 +0.000000000000000e+00 +0.000000000000000e+00 +0.000000000000000e+00
2028 1 063 15 0 +2.399072885401867e+02 +2.399072885401867e+02 +5.275189880084263e+05 +6.186599272883613e-01 +0.000000000000000e+00 +0.000000000000000e+00 +3.221864028760763e+05 +7.856588918656491e-01 +0.000000000000000e+00 +0.000000000000000e+00 +8.550000000000000e+02 +0.000000000000000e+00 +0.000000000000000e+00 +0.000000000000000e+00 +2.500000000000000e+01 +0.000000000000000e+00 +0.000000000000000e+00 +0.000000000000000e+00
2029 1 063 15 0 +4.130397413709902e+01 +4.130397413709902e+01 +5.276674090341105e+05 +6.172137032279245e-01 +8.453820119412346e-05 +1.321129097386476e-05 +3.223748881705413e+05 +7.838222789825544e-01 +1.073581567851127e-04 -1.355892395535155e-05 +8.550000000000000e+02 +0.000000000000000e+00 +0.000000000000000e+00 +0.000000000000000e+00 +2.500000000000000e+01 +0.000000000000000e+00 +0.000000000000000e+00 +0.000000000000000e+00
2030 1 063 15 0 +2.650092413675001e+02 +2.650092413675001e+02 +5.276939775747051e+05 +7.139511367507099e-01 +1.485166621856341e-03 -2.659862975457495e-06 +3.224064908665409e+05 +7.464408158270319e-01 -2.008754568828377e-03 -5.141898574020178e-07 +8.550000000000000e+02 +0.000000000000000e+00 +0.000000000000000e+00 +0.000000000000000e+00 +2.500000000000000e+01 +0.000000000000000e+00 +0.000000000000000e+00 +0.000000000000000e+00
2031 1 063 15 0 +2.650092413679780e+02 +2.650092413679780e+02 +5.279379800929509e+05 +9.407111798143296e-01 -1.403792722650578e-03 -1.365778199627475e-06 +3.224536600708235e+05 -4.265707366574595e-01 -2.066441580197919e-03 +2.339639324132122e-06 +8.550000000000000e+02 +0.000000000000000e+00 +0.000000000000000e+00 +0.000000000000000e+00 +2.500000000000000e+01 +0.000000000000000e+00 +0.000000000000000e+00 +0.000000000000000e+00
2032 1 063 15 0 +2.650092413675380e+02 +2.650092413675380e+02 +5.280632697500313e+05 -9.108030011483874e-02 -2.414656529486236e-03 +1.755543532780372e-06 +3.222390332678100e+05 -1.028885074306721e+00 +6.405065629443377e-04 +2.063329630026619e-06 +8.550000000000000e+02 +0.000000000000000e+00 +0.000000000000000e+00 +0.000000000000000e+00 +2.500000000000000e+01 +0.000000000000000e+00 +0.000000000000000e+00 +0.000000000000000e+00
2033 1 063 15 0 +2.650092413679049e+02 +2.650092413679049e+02 +5.279022249718462e+05 -1.001017960419162e+00 -1.950180122222084e-04 +2.528172027264095e-06 +3.220497537333583e+05 -2.546824692011935e-01 +2.490538654054671e-03 -9.734518262678640e-07 +8.550000000000000e+02 +0.000000000000000e+00 +0.000000000000000e+00 +0.000000000000000e+00 +2.500000000000000e+01 +0.000000000000000e+00 +0.000000000000000e+00 +0.000000000000000e+00
2034 1 063 15 0 +4.130397413709902e+01 +4.130397413709902e+01 +5.276703031221476e+05 -5.539937079871120e-01 +1.971088347274975e-03 -1.538773959930570e-05 +3.221390533323241e+05 +8.335785485402387e-01 +1.245867467985895e-03 -1.102724344734829e-05 +8.550000000000000e+02 +0.000000000000000e+00 +0.000000000000000e+00 +0.000000000000000e+00 +2.500000000000000e+01 +0.000000000000000e+00 +0.000000000000000e+00 +0.000000000000000e+00
2035 1 063 15 0 +2.399072885390300e+02 +2.399072885390300e+02 +5.276496993908876e+05 -4.710225351078542e-01 +0.000000000000000e+00 +0.000000000000000e+00 +3.221748318734057e+05 +8.821211772883418e-01 +0.000000000000000e+00 +0.000000000000000e+00 +8.550000000000000e+02 +0.000000000000000e+00 +0.000000000000000e+00 +0.000000000000000e+00 +2.500000000000000e+01 +0.000000000000000e+00 +0.000000000000000e+00 +0.000000000000000e+00
2036 1 063 15 0 +4.130397413709902e+01 +4.130397413709902e+01 +5.275366976516491e+05 -4.699214388621887e-01 -6.436395196056361e-05 -1.538773959930570e-05 +3.223864591732118e+05 +8.800590672105049e-01 +1.205394664724098e-04 -1.102724344734829e-05 +8.550000000000000e+02 +0.000000000000000e+00 +0.000000000000000e+00 +0.000000000000000e+00 +2.500000000000000e+01 +0.000000000000000e+00 +0.000000000000000e+00 +0.000000000000000e+00
2037 1 063 15 0 +2.650092413683683e+02 +2.650092413683683e+02 +5.275160939203892e+05 -5.717213204812723e-01 -1.814948840754142e-03 +2.528172027263343e-06 +3.224222377142934e+05 +8.602527819817303e-01 -1.716617464082592e-03 -9.734518262627577e-07 +8.550000000000000e+02 +0.000000000000000e+00 +0.000000000000000e+00 +0.000000000000000e+00 +2.500000000000000e+01 +0.000000000000000e+00 +0.000000000000000e+00 +0.000000000000000e+00
2038 1 063 15 0 +2.650092413675380e+02 +2.650092413675380e+02 +5.272841720706901e+05 -1.001017960419162e+00 +1.018950750051395e-03 +1.755543532780372e-06 +3.225115373132592e+05 -2.546824692011935e-01 -2.280910822767867e-03 +2.063329630026619e-06 +8.550000000000000e+02 +0.000000000000000e+00 +0.000000000000000e+00 +0.000000000000000e+00 +2.500000000000000e+01 +0.000000000000000e+00 +0.000000000000000e+00 +0.000000000000000e+00
2039 1 063 15 0 +2.650092413679780e+02 +2.650092413679780e+02 +5.271231272925050e+05 -9.108030011483872e-02 +2.489624256327895e-03 -1.365778199627475e-06 +3.223222577788075e+05 -1.028885074306721e+00 +2.063634531176864e-04 +2.339639324132122e-06 +8.550000000000000e+02 +0.000000000000000e+00 +0.000000000000000e+00 +0.000000000000000e+00 +2.500000000000000e+01 +0.000000000000000e+00 +0.000000000000000e+00 +0.000000000000000e+00
2040 1 063 15 0 +2.650092413679876e+02 +2.650092413679876e+02 +5.272484169495854e+05 +9.407111798143298e-01 +6.294981859454573e-04 -2.659862975442816e-06 +3.221076309757940e+05 -4.265707366574600e-01 +2.417549760870964e-03 -5.141898572991002e-07 +8.550000000000000e+02 +0.000000000000000e+00 +0.000000000000000e+00 +0.000000000000000e+00 +2.500000000000000e+01 +0.000000000000000e+00 +0.000000000000000e+00 +0.000000000000000e+00
2041 1 063 15 0 +4.130397413709902e+01 +4.130397413709902e+01 +5.274924194678316e+05 +6.918133422717015e-01 -1.721574663300722e-03 +1.321129097386476e-05 +3.221548001800766e+05 +7.232955996897936e-01 +1.572754176351085e-03 -1.355892395535155e-05 +8.550000000000000e+02 +0.000000000000000e+00 +0.000000000000000e+00 +0.000000000000000e+00 +2.500000000000000e+01 +0.000000000000000e+00 +0.000000000000000e+00 +0.000000000000000e+00
2042 1 063 15 0 +2.399072885401867e+02 +2.399072885401867e+02 +5.275189880084263e+05 +6.186599272883613e-01 +0.000000000000000e+00 +0.000000000000000e+00 +3.221864028760763e+05 +7.856588918656491e-01 +0.000000000000000e+00 +0.000000000000000e+00 +8.550000000000000e+02 +0.000000000000000e+00 +0.000000000000000e+00 +0.000000000000000e+00 +2.500000000000000e+01 +0.000000000000000e+00 +0.000000000000000e+00 +0.000000000000000e+00
2043 1 063 15 0 +4.130397413709902e+01 +4.130397413709902e+01 +5.276674090341105e+05 +6.172137032279245e-01 +8.453820119412346e-05 +1.321129097386476e-05 +3.223748881705413e+05 +7.838222789825544e-01 +1.073581567851127e-04 -1.355892395535155e-05 +8.550000000000000e+02 +0.000000000000000e+00 +0.000000000000000e+00 +0.000000000000000e+00 +2.500000000000000e+01 +0.000000000000000e+00 +0.000000000000000e+00 +0.000000000000000e+00
2044 1 063 15 0 +2.650092413675001e+02 +2.650092413675001e+02 +5.276939775747051e+05 +7.139511367507099e-01 +1.485166621856341e-03 -2.659862975457495e-06 +3.224064908665409e+05 +7.464408158270319e-01 -2.008754568828377e-03 -5.141898574020178e-07 +8.550000000000000e+02 +0.000000000000000e+00 +0.000000000000000e+00 +0.000000000000000e+00 +2.500000000000000e+01 +0.000000000000000e+00 +0.000000000000000e+00 +0.000000000000000e+00
2045 1 063 15 0 +2.650092413679780e+02 +2.650092413679780e+02 +5.279379800929509e+05 +9.407111798143296e-01 -1.403792722650578e-03 -1.365778199627475e-06 +3.224536600708235e+05 -4.265707366574595e-01 -2.066441580197919e-03 +2.339639324132122e-06 +8.550000000000000e+02 +0.000000000000000e+00 +0.000000000000000e+00 +0.000000000000000e+00 +2.500000000000000e+01 +0.000000000000000e+00 +0.000000000000000e+00 +0.000000000000000e+00
2046 1 063 15 0 +2.650092413675380e+02 +2.650092413675380e+02 +5.280632697500313e+05 -9.108030011483874e-02 -2.414656529486236e-03 +1.755543532780372e-06 +3.222390332678100e+05 -1.028885074306721e+00 +6.405065629443377e-04 +2.063329630026619e-06 +8.550000000000000e+02 +0.000000000000000e+00 +0.000000000000000e+00 +0.000000000000000e+00 +2.500000000000000e+01 +0.000000000000000e+00 +0.000000000000000e+00 +0.000000000000000e+00
2047 1 063 15 0 +2.650092413679049e+02 +2.650092413679049e+02 +5.279022249718462e+05 -1.001017960419162e+00 -1.950180122222084e-04 +2.528172027264095e-06 +3.220497537333583e+05 -2.546824692011935e-01 +2.490538654054671e-03 -9.734518262678640e-07 +8.550000000000000e+02 +0.000000000000000e+00 +0.000000000000000e+00 +0.000000000000000e+00 +2.500000000000000e+01 +0.000000000000000e+00 +0.000000000000000e+00 +0.000000000000000e+00
2048 1 063 15 0 +4.130397413709902e+01 +4.130397413709902e+01 +5.276703031221476e+05 -5.539937079871120e-01 +1.971088347274975e-03 -1.538773959930570e-05 +3.221390533323241e+05 +8.335785485402387e-01 +1.245867467985895e-03 -1.102724344734829e-05 +8.550000000000000e+02 +0.000000000000000e+00 +0.000000000000000e+00 +0.000000000000000e+00 +2.500000000000000e+01 +0.000000000000000e+00 +0.000000000000000e+00 +0.000000000000000e+00
2049 1 063 15 0 +2.399072885390300e+02 +2.399072885390300e+02 +5.276496993908876e+05 -4.710225351078542e-01 +0.000000000000000e+00 +0.000000000000000e+00 +3.221748318734057e+05 +8.821211772883418e-01 +0.000000000000000e+00 +0.000000000000000e+00 +8.550000000000000e+02 +0.000000000000000e+00 +0.000000000000000e+00 +0.000000000000000e+00 +2.500000000000000e+01 +0.000000000000000e+00 +0.000000000000000e+00 +0.000000000000000e+00
2050 1 063 15 0 +4.130397413709902e+01 +4.130397413709902e+01 +5.275366976516491e+05 -4.699214388621887e-01 -6.436395196056361e-05 -1.538773959930570e-05 +3.223864591732118e+05 +8.800590672105049e-01 +1.205394664724098e-04 -1.102724344734829e-05 +8.550000000000000e+02 +0.000000000000000e+00 +0.000000000000000e+00 +0.000000000000000e+00 +2.500000000000000e+01 +0.000000000000000e+00 +0.000000000000000e+00 +0.000000000000000e+00
2051 1 063 15 0 +3.132435279084552e+02 +3.132435279084552e+02 +5.275160939203892e+05 -5.793314416449584e-01 -1.794274086729295e-03 +2.622378268420152e-06 +3.224222377142934e+05 +8.717035144763102e-01 -1.831649381494476e-03 -6.845602369697412e-07 +8.550000000000000e+02 +0.000000000000000e+00 +0.000000000000000e+00 +0.000000000000000e+00 +2.500000000000000e+01 +0.000000000000000e+00 +0.000000000000000e+00 +0.000000000000000e+00
2052 1 063 15 0 +3.132435279080983e+02 +3.132435279080983e+02 +5.272391664447311e+05 -9.314858025956815e-01 +1.617576976158319e-03 +9.759804193067842e-07 +3.224945284057781e+05 -4.773113616827661e-01 -1.989422951853635e-03 +2.528428903857035e-06 +8.550000000000000e+02 +0.000000000000000e+00 +0.000000000000000e+00 +0.000000000000000e+00 +2.500000000000000e+01 +0.000000000000000e+00 +0.000000000000000e+00 +0.000000000000000e+00
2053 1 063 15 0 +3.132435279081466e+02 +3.132435279081466e+02 +5.271361013007491e+05 +3.691992456614745e-01 +2.159180348559623e-03 -2.402208612399529e-06 +3.222275221381634e+05 -9.793793205044589e-01 +1.382859059169292e-03 +1.254943936331168e-06 +8.550000000000000e+02 +0.000000000000000e+00 +0.000000000000000e+00 +0.000000000000000e+00 +2.500000000000000e+01 +0.000000000000000e+00 +0.000000000000000e+00 +0.000000000000000e+00
2054 1 063 15 0 +4.130397413709902e+01 +4.130397413709902e+01 +5.273897784971499e+05 +9.703905250731873e-01 -6.227891000765839e-04 +3.987738471753011e-06 +3.220949979861164e+05 +2.451620972416911e-01 +2.247111202716629e-03 -1.850623056983856e-05 +8.550000000000000e+02 +0.000000000000000e+00 +0.000000000000000e+00 +0.000000000000000e+00 +2.500000000000000e+01 +0.000000000000000e+00 +0.000000000000000e+00 +0.000000000000000e+00
2055 1 063 15 0 +4.462512629865340e+02 +4.462512629865340e+02 +5.274290779900383e+05 +9.415537033252247e-01 +0.000000000000000e+00 +0.000000000000000e+00 +3.221076537200939e+05 +3.368629153744217e-01 +0.000000000000000e+00 +0.000000000000000e+00 +8.550000000000000e+02 +0.000000000000000e+00 +0.000000000000000e+00 +0.000000000000000e+00 +2.500000000000000e+01 +0.000000000000000e+00 +0.000000000000000e+00 +0.000000000000000e+00
2056 1 063 15 0 +4.130397413709902e+01 +4.130397413709902e+01 +5.278492475193169e+05 +9.393526594882523e-01 +1.286607599681368e-04 +3.987738471770597e-06 +3.222579792215331e+05 +3.360754403316037e-01 +4.603140377890324e-05 -1.850623056983478e-05 +8.550000000000000e+02 +0.000000000000000e+00 +0.000000000000000e+00 +0.000000000000000e+00 +2.500000000000000e+01 +0.000000000000000e+00 +0.000000000000000e+00 +0.000000000000000e+00
2057 1 063 15 0 +3.200071635822027e+01 +3.200071635822027e+01 +5.278885470122052e+05 +9.699849370849245e-01 +5.284212937623079e-04 -2.667294331281342e-06 +3.222706349555105e+05 +2.450596283919879e-01 -2.268938395833307e-03 -4.660884269417414e-07 +8.550000000000000e+02 +0.000000000000000e+00 +0.000000000000000e+00 +0.000000000000000e+00 +2.500000000000000e+01 +0.000000000000000e+00 +0.000000000000000e+00 +0.000000000000000e+00
2058 1 063 15 0 +4.130397413709902e+01 +4.130397413709902e+01 +5.279200409449097e+05 +9.960266648781649e-01 +1.761775092816090e-04 -2.524570639060832e-06 +3.222761382684158e+05 +9.845358260337989e-02 -2.325153006959349e-03 +1.876190744864494e-05 +8.550000000000000e+02 +0.000000000000000e+00 +0.000000000000000e+00 +0.000000000000000e+00 +2.500000000000000e+01 +0.000000000000000e+00 +0.000000000000000e+00 +0.000000000000000e+00
2059 1 063 15 0 +5.270663717751633e+05 +5.270663717751633e+05 +5.279613034718514e+05 +9.999971018170486e-01 +0.000000000000000e+00 +0.000000000000000e+00 +3.222775601032041e+05 +2.407562564805624e-03 +0.000000000000000e+00 +0.000000000000000e+00 +8.550000000000000e+02 +0.000000000000000e+00 +0.000000000000000e+00 +0.000000000000000e+00 +2.500000000000000e+01 +0.000000000000000e+00 +2.300224591951686e-10 -2.909468604753404e-16
2060 1 063 15 0 +1.332608525295416e+02 +1.332608525295416e+02 +1.055026147712242e+06 +9.928655134026704e-01 +1.291335414064015e-04 -7.175711716144332e-07 +3.235465053690579e+05 +2.390392769750358e-03 +3.108979811900580e-07 -3.138497477503123e-06 +8.550000000000000e+02 +0.000000000000000e+00 +0.000000000000000e+00 +0.000000000000000e+00 +4.630000000000000e+01 +0.000000000000000e+00 +0.000000000000000e+00 +0.000000000000000e+00
2061 1 063 15 0 +2.037939420915745e+02 +2.037939420915745e+02 +1.055159052892088e+06 +9.918375185484057e-01 -2.905973996150098e-04 -7.204843120247237e-07 +3.235394021601919e+05 -1.651950274464031e-01 -1.239154937906394e-03 +3.227117230979646e-07 +8.550000000000000e+02 +0.000000000000000e+00 +0.000000000000000e+00 +0.000000000000000e+00 +4.630000000000000e+01 +0.000000000000000e+00 +0.000000000000000e+00 +0.000000000000000e+00
2062 1 063 15 0 +1.332608525295416e+02 +1.332608525295416e+02 +1.055343016133860e+06 +7.814245919305634e-01 -8.309248650376609e-04 +1.863961914329526e-06 +3.234570032880222e+05 -6.282825210312540e-01 -9.528793021124916e-04 +2.625018244613661e-06 +8.550000000000000e+02 +0.000000000000000e+00 +0.000000000000000e+00 +0.000000000000000e+00 +4.630000000000000e+01 +0.000000000000000e+00 +0.000000000000000e+00 +0.000000000000000e+00
2063 1 063 15 0 +2.255529837524398e+03 +2.255529837524398e+03 +1.055436804578095e+06 +6.640037455760218e-01 +0.000000000000000e+00 +0.000000000000000e+00 +3.233625682832086e+05 -7.477292463592778e-01 +0.000000000000000e+00 +0.000000000000000e+00 +8.550000000000000e+02 +0.000000000000000e+00 +0.000000000000000e+00 +0.000000000000000e+00 +4.630000000000000e+01 +0.000000000000000e+00 +0.000000000000000e+00 +0.000000000000000e+00
2064 1 063 15 0 +1.332608525295416e+02 +1.332608525295416e+02 +1.056934484838470e+06 +6.592683304328687e-01 +8.574540367921403e-05 -2.826933639838775e-06 +3.216760426576557e+05 -7.423967336742530e-01 -9.655720543595985e-05 -1.540623574587079e-06 +8.550000000000000e+02 +0.000000000000000e+00 +0.000000000000000e+00 +0.000000000000000e+00 +4.630000000000000e+01 +0.000000000000000e+00 +0.000000000000000e+00 +0.000000000000000e+00
2065 1 063 15 0 +6.032305328952035e+02 +6.032305328952035e+02 +1.057017172246343e+06 +5.569493892496210e-01 -1.315059971736513e-03 +1.563683890443043e-07 +3.215717496330319e+05 -8.908926160069771e-01 -4.640676487148929e-04 +7.746682574877818e-07 +8.550000000000000e+02 +0.000000000000000e+00 +0.000000000000000e+00 +0.000000000000000e+00 +4.630000000000000e+01 +0.000000000000000e+00 +0.000000000000000e+00 +0.000000000000000e+00
2066 1 063 15 0 +6.032305328955293e+02 +6.032305328955293e+02 +1.056908931875810e+06 -8.589179583115601e-01 -5.356806306058918e-04 +7.820948097948318e-07 +3.210355135066444e+05 -6.050968652465338e-01 +1.287551076200697e-03 -1.135327738489242e-07 +8.550000000000000e+02 +0.000000000000000e+00 +0.000000000000000e+00 +0.000000000000000e+00 +4.630000000000000e+01 +0.000000000000000e+00 +0.000000000000000e+00 +0.000000000000000e+00
2067 1 063 15 0 +1.332608525295416e+02 +1.332608525295416e+02 +1.056367554986774e+06 -6.216653969881800e-01 +1.022469060918626e-03 -2.402334612713757e-06 +3.211141024694443e+05 +7.866990868780542e-01 +7.436209485997740e-04 -2.143329935213666e-06 +8.550000000000000e+02 +0.000000000000000e+00 +0.000000000000000e+00 +0.000000000000000e+00 +4.630000000000000e+01 +0.000000000000000e+00 +0.000000000000000e+00 +0.000000000000000e+00
2068 1 063 15 0 +2.644863598508627e+03 +2.644863598508627e+03 +1.056297183655338e+06 -4.805676723036852e-01 +0.000000000000000e+00 +0.000000000000000e+00 +3.212270720145348e+05 +8.769576456914084e-01 +0.000000000000000e+00 +0.000000000000000e+00 +8.550000000000000e+02 +0.000000000000000e+00 +0.000000000000000e+00 +0.000000000000000e+00 +4.630000000000000e+01 +0.000000000000000e+00 +0.000000000000000e+00 +0.000000000000000e+00
3000 1 065 15 0 +1.332608525295416e+02 +1.332608525295416e+02 +6.060951828891616e+05 -6.520405579412224e-01 -8.480534901347449e-05 -1.889321260652153e-06 +2.978227104775105e+05 +7.487527979791737e-01 +9.738388445947465e-05 -2.606825651376273e-06 +8.550000000000000e+02 +0.000000000000000e+00 +0.000000000000000e+00 +0.000000000000000e+00 +4.630000000000000e+01 +0.000000000000000e+00 +0.000000000000000e+00 +0.000000000000000e+00
3001 1 065 15 0 +6.165902744072503e+02 +6.165902744072503e+02 +6.060023143049033e+05 -8.142521628287858e-01 -6.234504583407570e-04 +7.873158865273002e-07 +2.979180502303103e+05 +6.677753531930374e-01 -1.254095909210841e-03 +6.928735159080715e-08 +8.550000000000000e+02 +0.000000000000000e+00 +0.000000000000000e+00 +0.000000000000000e+00 +4.630000000000000e+01 +0.000000000000000e+00 +0.000000000000000e+00 +0.000000000000000e+00
3002 1 065 15 0 +6.165902744073408e+02 +6.165902744073408e+02 +6.054477893352377e+05 -6.851054561124379e-01 +1.240419694643315e-03 -5.236570067019013e-08 +2.978692495301105e+05 -7.997255910675922e-01 -6.502353455816402e-04 +7.886221374393474e-07 +8.550000000000000e+02 +0.000000000000000e+00 +0.000000000000000e+00 +0.000000000000000e+00 +4.630000000000000e+01 +0.000000000000000e+00 +0.000000000000000e+00 +0.000000000000000e+00
3003 1 065 15 0 +1.332608525295416e+02 +1.332608525295416e+02 +6.054846717214221e+05 +7.472829691124420e-01 +8.046498137073884e-04 -2.285981042099450e-06 +2.973138045374136e+05 -6.685293435457630e-01 +9.751685869801740e-04 -2.267016867556897e-06 +8.550000000000000e+02 +0.000000000000000e+00 +0.000000000000000e+00 +0.000000000000000e+00 +4.630000000000000e+01 +0.000000000000000e+00 +0.000000000000000e+00 +0.000000000000000e+00
3004 1 065 15 0 +2.527314295523809e+03 +2.527314295523809e+03 +6.055931348345811e+05 +8.459863804469304e-01 +0.000000000000000e+00 +0.000000000000000e+00 +2.972366683235448e+05 -5.332045049493689e-01 +0.000000000000000e+00 +0.000000000000000e+00 +8.550000000000000e+02 +0.000000000000000e+00 +0.000000000000000e+00 +0.000000000000000e+00 +4.630000000000000e+01 +0.000000000000000e+00 +0.000000000000000e+00 +0.000000000000000e+00
3005 1 065 15 0 +1.332608525295416e+02 +1.332608525295416e+02 +6.077312083077030e+05 +8.399531362919680e-01 +1.092455339022393e-04 -2.285981042099450e-06 +2.958890929557486e+05 -5.294018988587296e-01 -6.885478557172483e-05 -2.267016867556898e-06 +8.550000000000000e+02 +0.000000000000000e+00 +0.000000000000000e+00 +0.000000000000000e+00 +4.630000000000000e+01 +0.000000000000000e+00 +0.000000000000000e+00 +0.000000000000000e+00
3006 1 065 15 0 +4.498460709610566e+02 +4.498460709610566e+02 +6.078396714208620e+05 +7.657689644758650e-01 -1.032095761049640e-03 -2.150047446812853e-07 +2.958119567418797e+05 -6.850671623585981e-01 -8.458261497183029e-04 +7.599063955383619e-07 +8.550000000000000e+02 +0.000000000000000e+00 +0.000000000000000e+00 +0.000000000000000e+00 +4.630000000000000e+01 +0.000000000000000e+00 +0.000000000000000e+00 +0.000000000000000e+00
3007 1 065 15 0 +4.498460709618114e+02 +4.498460709618114e+02 +6.079557209385505e+05 -2.933255213493311e-01 -1.205058616631290e-03 +5.957797068783568e-07 +2.954017947669867e+05 -9.847229368820668e-01 +5.731293623560913e-04 +5.183930083040447e-07 +8.550000000000000e+02 +0.000000000000000e+00 +0.000000000000000e+00 +0.000000000000000e+00 +4.630000000000000e+01 +0.000000000000000e+00 +0.000000000000000e+00 +0.000000000000000e+00
3008 1 065 15 0 +4.498460709616319e+02 +4.498460709616319e+02 +6.076341468833580e+05 -1.015818686064486e+00 +4.825545346673675e-06 +7.228860539813013e-07 +2.951219904367281e+05 -1.543746123516471e-01 +1.334398834546454e-03 -3.179945332145300e-07 +8.550000000000000e+02 +0.000000000000000e+00 +0.000000000000000e+00 +0.000000000000000e+00 +4.630000000000000e+01 +0.000000000000000e+00 +0.000000000000000e+00 +0.000000000000000e+00
3009 1 065 15 0 +1.332608525295416e+02 +1.332608525295416e+02 +6.072439667595048e+05 -5.588008901547199e-01 +1.077044799470144e-03 -2.561277234681358e-06 +2.952936290313220e+05 +8.325292092590675e-01 +6.621099573836365e-04 -1.950623933445037e-06 +8.550000000000000e+02 +0.000000000000000e+00 +0.000000000000000e+00 +0.000000000000000e+00 +4.630000000000000e+01 +0.000000000000000e+00 +0.000000000000000e+00 +0.000000000000000e+00
3010 1 065 15 0 +2.644863598508087e+03 +2.644863598508087e+03 +6.071825658478300e+05 -4.111300708595226e-01 +0.000000000000000e+00 +0.000000000000000e+00 +2.954117144684074e+05 +9.115766916914034e-01 +0.000000000000000e+00 +0.000000000000000e+00 +8.550000000000000e+02 +0.000000000000000e+00 +0.000000000000000e+00 +0.000000000000000e+00 +4.630000000000000e+01 +0.000000000000000e+00 +0.000000000000000e+00 +0.000000000000000e+00
4000 1 065 15 0 +1.332608525295416e+02 +1.332608525295416e+02 +6.060951828891616e+05 -4.081980519115729e-01 -5.309083589567425e-05 -2.561277234681958e-06 +2.978227104775105e+05 +9.050756830771329e-01 +1.177154676226201e-04 -1.950623933444250e-06 +8.550000000000000e+02 +0.000000000000000e+00 +0.000000000000000e+00 +0.000000000000000e+00 +4.630000000000000e+01 +0.000000000000000e+00 +0.000000000000000e+00 +0.000000000000000e+00
4001 1 065 15 0 +2.583597290401616e+02 +2.583597290401616e+02 +6.060337819774870e+05 -5.622546548018382e-01 -1.001380885514496e-03 +6.260847192059729e-07 +2.979407959145959e+05 +8.376747986838581e-01 -8.013790959712813e-04 -4.809282921040717e-07 +8.550000000000000e+02 +0.000000000000000e+00 +0.000000000000000e+00 +0.000000000000000e+00 +4.630000000000000e+01 +0.000000000000000e+00 +0.000000000000000e+00 +0.000000000000000e+00
4002 1 065 15 0 +1.332608525295416e+02 +1.332608525295416e+02 +6.058324732048478e+05 -9.484525749595996e-01 -3.620472707801622e-04 +1.224342862233643e-06 +2.980954316711491e+05 +3.252707059661857e-01 -1.211336810904746e-03 +2.977592879881853e-06 +8.550000000000000e+02 +0.000000000000000e+00 +0.000000000000000e+00 +0.000000000000000e+00 +4.630000000000000e+01 +0.000000000000000e+00 +0.000000000000000e+00 +0.000000000000000e+00
4003 1 065 15 0 +4.645983785467157e+03 +4.645983785467157e+03 +6.057025496217690e+05 -9.867558758487963e-01 +0.000000000000000e+00 +0.000000000000000e+00 +2.981243125465875e+05 +1.622123345429528e-01 +0.000000000000000e+00 +0.000000000000000e+00 +8.550000000000000e+02 +0.000000000000000e+00 +0.000000000000000e+00 +0.000000000000000e+00 +4.630000000000000e+01 +0.000000000000000e+00 +0.000000000000000e+00 +0.000000000000000e+00
4004 1 065 15 0 +7.653752722026442e+01 +7.653752722026442e+01 +6.011180978223610e+05 -9.866006992542946e-01 -4.896406547852465e-06 -1.823978257436546e-07 +2.988779484226769e+05 +1.621868251355333e-01 +8.049179705318067e-07 -1.409289304726494e-06 +8.550000000000000e+02 +0.000000000000000e+00 +0.000000000000000e+00 +0.000000000000000e+00 +4.630000000000000e+01 +0.000000000000000e+00 +0.000000000000000e+00 +0.000000000000000e+00
4005 1 065 15 0 +7.653752722026442e+01 +7.653752722026442e+01 +6.010424753821556e+05 -9.905556725523758e-01 -4.293733813042740e-05 +2.084720678029010e-07 +2.988897346526803e+05 +1.375432170429012e-01 -3.233188259598888e-04 +1.405668776134150e-06 +8.550000000000000e+02 +0.000000000000000e+00 +0.000000000000000e+00 +0.000000000000000e+00 +4.630000000000000e+01 +0.000000000000000e+00 +0.000000000000000e+00 +0.000000000000000e+00
4006 1 065 15 0 +1.160244617890578e+03 +1.160244617890578e+03 +6.009665026435410e+05 -9.936208803176001e-01 +0.000000000000000e+00 +0.000000000000000e+00 +2.988989981114129e+05 +1.127720984857400e-01 +0.000000000000000e+00 +0.000000000000000e+00 +8.550000000000000e+02 +0.000000000000000e+00 +0.000000000000000e+00 +0.000000000000000e+00 +4.630000000000000e+01 +0.000000000000000e+00 -1.811120843357473e-06 +1.040654597275209e-09
4007 1 065 15 0 +2.512955346982235e+02 +2.512955346982235e+02 +5.998136593649287e+05 -9.939144763935980e-01 +3.509955442614074e-06 +2.783606984326887e-08 +2.990298413317287e+05 +1.128054204964317e-01 -3.983663033325821e-07 -3.159285423413505e-09 +8.550000000000000e+02 +0.000000000000000e+00 -2.370554431019855e-04 +1.669856628041892e-09 +4.548730928308821e+01 +0.000000000000000e+00 +0.000000000000000e+00 +0.000000000000000e+00
4008 1 065 15 0 +4.557406477484928e+03 +4.557406477484928e+03 +5.995645564823085e+05 -9.865853897626318e-01 +0.000000000000000e+00 +0.000000000000000e+00 +2.990581135383295e+05 +1.119735977200286e-01 +0.000000000000000e+00 +0.000000000000000e+00 +8.400565793988405e+02 -1.187904967602592e-01 +0.000000000000000e+00 +0.000000000000000e+00 +4.548730928308821e+01 +0.000000000000000e+00 -6.256811148335551e-07 +9.152590300713406e-11
4009 1 065 15 4 +1.200000000000000e+01 +2.525454545454132e+02 +5.950682858364125e+05 -9.865853897626318e-01 +0.000000000000000e+00 +0.000000000000000e+00 +2.995684227378871e+05 +1.119735977200286e-01 +0.000000000000000e+00 +0.000000000000000e+00 +2.986800000000000e+02 -1.187904967602592e-01 +0.000000000000000e+00 +0.000000000000000e+00 +4.115552000000000e+01 +0.000000000000000e+00 +0.000000000000000e+00 +0.000000000000000e+00
4010 1 065 15 0 +1.066597564888937e+03 +1.066597564888937e+03 +5.948191281807070e+05 -9.935950548697463e-01 +0.000000000000000e+00 +0.000000000000000e+00 +2.995967011610204e+05 +1.127691673980319e-01 +0.000000000000000e+00 +0.000000000000000e+00 +2.686800000000000e+02 +7.209842074597972e-03 +0.000000000000000e+00 +0.000000000000000e+00 +0.000000000000000e+00 +0.000000000000000e+00 +0.000000000000000e+00 +0.000000000000000e+00
