0 0 4 70 82 93
1000 1 065 15 1 +3.858330000000000e+01 +1.066597564888937e+03 +5.937593621146972e+05 +9.935950548697462e-01 +0.000000000000000e+00 +0.000000000000000e+00 +2.997169804803617e+05 -1.127691673980327e-01 +0.000000000000000e+00 +0.000000000000000e+00 +2.763700000000000e+02 -7.209842074597972e-03 +0.000000000000000e+00 +0.000000000000000e+00 +6.700000000000000e+01 +0.000000000000000e+00 +0.000000000000000e+00 +0.000000000000000e+00
1001 1 065 15 0 +8.907358112968906e+03 +8.907358112968906e+03 +5.948191281807070e+05 +9.914996271758180e-01 +0.000000000000000e+00 +0.000000000000000e+00 +2.995967011610204e+05 -1.125313445191557e-01 +0.000000000000000e+00 +0.000000000000000e+00 +2.686800000000000e+02 +6.530839005001704e-02 +0.000000000000000e+00 +0.000000000000000e+00 +4.630000000000000e+01 +0.000000000000000e+00 +0.000000000000000e+00 +0.000000000000000e+00
1002 1 065 15 0 +1.417763088329044e+02 +1.417763088329044e+02 +6.036507704288372e+05 +9.915878648523567e-01 +0.000000000000000e+00 +0.000000000000000e+00 +2.985943441764545e+05 -1.125413591516437e-01 +0.000000000000000e+00 +0.000000000000000e+00 +8.504052179569570e+02 +6.531420211533563e-02 -2.355992004189524e-04 +2.471856041426680e-08 +4.630000000000000e+01 +0.000000000000000e+00 +0.000000000000000e+00 +0.000000000000000e+00
1003 1 065 15 0 +7.841872692790329e+02 +7.841872692790329e+02 +6.037915432470415e+05 +9.936208803176000e-01 +0.000000000000000e+00 +0.000000000000000e+00 +2.985783670100793e+05 -1.127720984857408e-01 +0.000000000000000e+00 +0.000000000000000e+00 +8.550000000000000e+02 +0.000000000000000e+00 +0.000000000000000e+00 +0.000000000000000e+00 +4.630000000000000e+01 +0.000000000000000e+00 +0.000000000000000e+00 +0.000000000000000e+00
2000 1 063 15 0 +2.073513019796515e+02 +2.073513019796515e+02 +1.053448694337864e+06 +9.896400871920523e-01 +1.132353354307704e-04 -4.617815621171314e-07 +3.240951336856969e+05 -3.504426163950435e-02 -4.009789794320312e-06 -1.495452905041410e-06 +8.550000000000000e+02 +0.000000000000000e+00 +0.000000000000000e+00 +0.000000000000000e+00 +4.630000000000000e+01 +0.000000000000000e+00 +0.000000000000000e+00 +0.000000000000000e+00
2001 1 063 15 0 +7.202927529700971e+02 +7.202927529700971e+02 +1.053654649229436e+06 +1.012600603414165e+00 -4.207269801334637e-04 -2.728913388957896e-07 +3.240743628827678e+05 -2.379533862423561e-01 -9.357051325993808e-04 +3.507261793000424e-07 +8.550000000000000e+02 +0.000000000000000e+00 +0.000000000000000e+00 +0.000000000000000e+00 +4.630000000000000e+01 +0.000000000000000e+00 +0.000000000000000e+00 +0.000000000000000e+00
2002 1 063 15 0 +7.202927529695006e+02 +7.202927529695006e+02 +1.054063755398180e+06 -1.823839025873404e-02 -1.003555600853698e-03 +2.850207944889740e-07 +3.235485702941474e+05 -1.040023632990955e+00 +2.131465293583756e-04 +3.409423446826553e-07 +8.550000000000000e+02 +0.000000000000000e+00 +0.000000000000000e+00 +0.000000000000000e+00 +4.630000000000000e+01 +0.000000000000000e+00 +0.000000000000000e+00 +0.000000000000000e+00
2003 1 063 15 0 +2.073513019796515e+02 +2.073513019796515e+02 +1.053636465306392e+06 -9.844861942955143e-01 -1.411533611989511e-04 +4.090636863999444e-07 +3.230374451812720e+05 -1.951978841841026e-01 +9.397891124382174e-04 -1.510724495987610e-06 +8.550000000000000e+02 +0.000000000000000e+00 +0.000000000000000e+00 +0.000000000000000e+00 +4.630000000000000e+01 +0.000000000000000e+00 +0.000000000000000e+00 +0.000000000000000e+00
2004 1 063 15 0 +5.262659795878929e+05 +5.262659795878929e+05 +1.053429908779192e+06 -9.999999465708503e-01 +0.000000000000000e+00 +0.000000000000000e+00 +3.230239083911125e+05 -3.268918727718036e-04 +0.000000000000000e+00 +0.000000000000000e+00 +8.550000000000000e+02 +0.000000000000000e+00 +0.000000000000000e+00 +0.000000000000000e+00 +4.630000000000000e+01 +0.000000000000000e+00 -2.090585682245135e-10 +2.648325831844227e-16
2005 1 063 15 0 +7.295447721695548e+01 +7.295447721695548e+01 +5.271639573092432e+05 -9.964783480295698e-01 -1.165290460819572e-04 +1.199026400732106e-06 +3.228518763194690e+05 -3.257406907679872e-04 -3.809240014128734e-08 -7.376089232971612e-06 +8.550000000000000e+02 +0.000000000000000e+00 +0.000000000000000e+00 +0.000000000000000e+00 +2.700000000000000e+01 +0.000000000000000e+00 +0.000000000000000e+00 +0.000000000000000e+00
2006 1 063 15 0 +4.305010788752508e+02 +4.305010788752508e+02 +5.270911051128453e+05 -1.035029298425565e+00 +5.485289558757462e-04 +8.973836111016417e-07 +3.228489882931504e+05 -1.229392979208256e-01 -1.678993517385712e-03 +9.500220180556399e-07 +8.550000000000000e+02 +0.000000000000000e+00 +0.000000000000000e+00 +0.000000000000000e+00 +2.700000000000000e+01 +0.000000000000000e+00 +0.000000000000000e+00 +0.000000000000000e+00
2007 1 063 15 0 +4.305010788753946e+02 +4.305010788753946e+02 +5.268187813971887e+05 -6.380519608086348e-02 +1.749945154171668e-03 -7.745640542592381e-07 +3.225606907103611e+05 -1.040350237432407e+00 +2.399900086094373e-04 +1.052563397664562e-06 +8.550000000000000e+02 +0.000000000000000e+00 +0.000000000000000e+00 +0.000000000000000e+00 +2.700000000000000e+01 +0.000000000000000e+00 +0.000000000000000e+00 +0.000000000000000e+00
2008 1 063 15 0 +7.295447721695548e+01 +7.295447721695548e+01 +5.270538337857781e+05 +9.724511363559062e-01 +3.420817059488952e-04 -2.091408085072495e-06 +3.222412754994370e+05 -2.387298447661109e-01 +1.584466502827443e-03 -7.174285253884580e-06 +8.550000000000000e+02 +0.000000000000000e+00 +0.000000000000000e+00 +0.000000000000000e+00 +2.700000000000000e+01 +0.000000000000000e+00 +0.000000000000000e+00 +0.000000000000000e+00
2009 1 063 15 0 +1.131079649263414e+03 +1.131079649263414e+03 +5.271257870584051e+05 +9.924653315359833e-01 +0.000000000000000e+00 +0.000000000000000e+00 +3.222295064818794e+05 -1.225257756521898e-01 +0.000000000000000e+00 +0.000000000000000e+00 +8.550000000000000e+02 +0.000000000000000e+00 +0.000000000000000e+00 +0.000000000000000e+00 +2.700000000000000e+01 +0.000000000000000e+00 +0.000000000000000e+00 +0.000000000000000e+00
2010 1 063 15 0 +7.295447721695548e+01 +7.295447721695548e+01 +5.282483443975049e+05 +9.889702668854363e-01 +1.156510445324385e-04 -2.837900241053402e-07 +3.220909200705290e+05 -1.220942890363298e-01 -1.427781252005296e-05 +7.467517653452895e-06 +8.550000000000000e+02 +0.000000000000000e+00 +0.000000000000000e+00 +0.000000000000000e+00 +2.700000000000000e+01 +0.000000000000000e+00 +0.000000000000000e+00 +0.000000000000000e+00
2011 1 063 15 0 +3.820762423205388e+02 +3.820762423205388e+02 +5.283209995495721e+05 +1.032978853701211e+00 -2.872248409812855e-04 -1.068982480612993e-06 +3.220848363139508e+05 -5.099515915340642e-03 +1.711178799667607e-03 -7.511074857006089e-07 +8.550000000000000e+02 +0.000000000000000e+00 +0.000000000000000e+00 +0.000000000000000e+00 +2.700000000000000e+01 +0.000000000000000e+00 +0.000000000000000e+00 +0.000000000000000e+00
2012 1 063 15 0 +3.820762423209576e+02 +3.820762423209576e+02 +5.286141225559327e+05 +3.453378587631242e-01 -1.710212497483431e-03 +3.567304500094393e-07 +3.222907956147883e+05 +9.735569220961552e-01 +2.929235516935422e-04 -1.256833077608218e-06 +8.550000000000000e+02 +0.000000000000000e+00 +0.000000000000000e+00 +0.000000000000000e+00 +2.700000000000000e+01 +0.000000000000000e+00 +0.000000000000000e+00 +0.000000000000000e+00
2013 1 063 15 0 +3.820762423207153e+02 +3.820762423207153e+02 +5.285163043934609e+05 -8.052963239530218e-01 -8.403245948918496e-04 +1.304176187977103e-06 +3.226354286624640e+05 +6.469692016504252e-01 -1.518053216752652e-03 -7.752721888769777e-08 +8.550000000000000e+02 +0.000000000000000e+00 +0.000000000000000e+00 +0.000000000000000e+00 +2.700000000000000e+01 +0.000000000000000e+00 +0.000000000000000e+00 +0.000000000000000e+00
2014 1 063 15 0 +7.295447721695548e+01 +7.295447721695548e+01 +5.281586895101693e+05 -8.494110850741557e-01 +8.966593721327319e-04 -3.681536774938865e-06 +3.226566872068131e+05 -5.302395307170998e-01 -1.350391040585529e-03 +6.503125683637452e-06 +8.550000000000000e+02 +0.000000000000000e+00 +0.000000000000000e+00 +0.000000000000000e+00 +2.700000000000000e+01 +0.000000000000000e+00 +0.000000000000000e+00 +0.000000000000000e+00
2015 1 063 15 0 +9.637269351303762e+02 +9.637269351303762e+02 +5.281000640059370e+05 -7.801110368637509e-01 +0.000000000000000e+00 +0.000000000000000e+00 +3.226133416941334e+05 -6.256410873363125e-01 +0.000000000000000e+00 +0.000000000000000e+00 +8.550000000000000e+02 +0.000000000000000e+00 +0.000000000000000e+00 +0.000000000000000e+00 +2.700000000000000e+01 +0.000000000000000e+00 +0.000000000000000e+00 +0.000000000000000e+00
2016 1 063 15 0 +7.295447721695548e+01 +7.295447721695548e+01 +5.273482499873189e+05 -7.773637988275121e-01 -9.090559982074835e-05 -3.681536774938866e-06 +3.220103945265431e+05 -6.234378304780657e-01 -7.290536299225052e-05 +6.503125683637451e-06 +8.550000000000000e+02 +0.000000000000000e+00 +0.000000000000000e+00 +0.000000000000000e+00 +2.700000000000000e+01 +0.000000000000000e+00 +0.000000000000000e+00 +0.000000000000000e+00
2017 1 063 15 0 +4.109159992997728e+02 +4.109159992997728e+02 +5.272896244830865e+05 -8.808460094524109e-01 -6.361672122832284e-04 +1.299353779699172e-06 +3.219670490138633e+05 -5.498625846698256e-01 +1.633812327410788e-03 -1.382067240705372e-07 +8.550000000000000e+02 +0.000000000000000e+00 +0.000000000000000e+00 +0.000000000000000e+00 +2.700000000000000e+01 +0.000000000000000e+00 +0.000000000000000e+00 +0.000000000000000e+00
2018 1 063 15 0 +4.109159992995936e+02 +4.109159992995936e+02 +5.269104070104657e+05 -7.454732895834941e-01 +1.432991455490853e-03 +1.781763236965783e-07 +3.220073847603090e+05 +7.228472375997447e-01 +1.010241026529004e-03 -1.294478482273424e-06 +8.550000000000000e+02 +0.000000000000000e+00 +0.000000000000000e+00 +0.000000000000000e+00 +2.700000000000000e+01 +0.000000000000000e+00 +0.000000000000000e+00 +0.000000000000000e+00
2019 1 063 15 0 +4.109159992995283e+02 +4.109159992995283e+02 +5.268584061033920e+05 +5.224612058916581e-01 +1.325075008786946e-03 -1.213695865911084e-06 +3.223851793733537e+05 +8.973699586715905e-01 -1.148140960104226e-03 -4.841112356311457e-07 +8.550000000000000e+02 +0.000000000000000e+00 +0.000000000000000e+00 +0.000000000000000e+00 +2.700000000000000e+01 +0.000000000000000e+00 +0.000000000000000e+00 +0.000000000000000e+00
2020 1 063 15 0 +7.295447721695548e+01 +7.295447721695548e+01 +5.272126242432033e+05 +9.610779940895763e-01 -4.984828190134727e-04 +1.787694739838249e-06 +3.225264676368814e+05 -2.810377922249979e-01 -1.542423051978774e-03 +7.255928899842320e-06 +8.550000000000000e+02 +0.000000000000000e+00 +0.000000000000000e+00 +0.000000000000000e+00 +2.700000000000000e+01 +0.000000000000000e+00 +0.000000000000000e+00 +0.000000000000000e+00
2021 1 063 15 0 +9.637269351307037e+02 +9.637269351307037e+02 +5.272807802263511e+05 +9.201294559992285e-01 +0.000000000000000e+00 +0.000000000000000e+00 +3.225005727497963e+05 -3.916143309463584e-01 +0.000000000000000e+00 +0.000000000000000e+00 +8.550000000000000e+02 +0.000000000000000e+00 +0.000000000000000e+00 +0.000000000000000e+00 +2.700000000000000e+01 +0.000000000000000e+00 +0.000000000000000e+00 +0.000000000000000e+00
2022 1 063 15 0 +7.295447721695548e+01 +7.295447721695548e+01 +5.281675337669047e+05 +9.168891292760644e-01 +1.072218135082706e-04 +1.787694739838248e-06 +3.221231634708801e+05 -3.902352224160686e-01 -4.563444685541273e-05 +7.255928899842321e-06 +8.550000000000000e+02 +0.000000000000000e+00 +0.000000000000000e+00 +0.000000000000000e+00 +2.700000000000000e+01 +0.000000000000000e+00 +0.000000000000000e+00 +0.000000000000000e+00
2023 1 063 15 0 +4.109159992992952e+02 +4.109159992992952e+02 +5.282356897500525e+05 +9.966454767804497e-01 +1.711061399735935e-04 -1.213695865913150e-06 +3.220972685837951e+05 -2.914384120205980e-01 +1.744928116591969e-03 -4.841112356319696e-07 +8.550000000000000e+02 +0.000000000000000e+00 +0.000000000000000e+00 +0.000000000000000e+00 +2.700000000000000e+01 +0.000000000000000e+00 +0.000000000000000e+00 +0.000000000000000e+00
2024 1 063 15 0 +4.109159992995936e+02 +4.109159992995936e+02 +5.285899078898636e+05 +5.224612058916586e-01 -1.652637961802092e-03 +1.781763236965783e-07 +3.222385568473227e+05 +8.973699586715904e-01 +5.855247308157203e-04 -1.294478482273424e-06 +8.550000000000000e+02 +0.000000000000000e+00 +0.000000000000000e+00 +0.000000000000000e+00 +2.700000000000000e+01 +0.000000000000000e+00 +0.000000000000000e+00 +0.000000000000000e+00
2025 1 063 15 0 +4.109159992995233e+02 +4.109159992995233e+02 +5.285379069827899e+05 -7.454732895834941e-01 -9.656085582040237e-04 +1.299353779698183e-06 +3.226163514603674e+05 +7.228472375997448e-01 -1.463438265018166e-03 -1.382067240707890e-07 +8.550000000000000e+02 +0.000000000000000e+00 +0.000000000000000e+00 +0.000000000000000e+00 +2.700000000000000e+01 +0.000000000000000e+00 +0.000000000000000e+00 +0.000000000000000e+00
2026 1 063 15 0 +7.295447721695548e+01 +7.295447721695548e+01 +5.281586895101693e+05 -8.494110850741557e-01 +8.966593721327319e-04 -3.681536774938865e-06 +3.226566872068131e+05 -5.302395307170998e-01 -1.350391040585529e-03 +6.503125683637452e-06 +8.550000000000000e+02 +0.000000000000000e+00 +0.000000000000000e+00 +0.000000000000000e+00 +2.700000000000000e+01 +0.000000000000000e+00 +0.000000000000000e+00 +0.000000000000000e+00
2027 1 063 15 0 +9.637269351303762e+02 +9.637269351303762e+02 +5.281000640059370e+05 -7.801110368637509e-01 +0.000000000000000e+00 +0.000000000000000e+00 +3.226133416941334e+05 -6.256410873363125e-01 +0.000000000000000e+00 +0.000000000000000e+00 +8.550000000000000e+02 +0.000000000000000e+00 +0.000000000000000e+00 +0.000000000000000e+00 +2.700000000000000e+01 +0.000000000000000e+00 +0.000000000000000e+00 +0.000000000000000e+00
2028 1 063 15 0 +7.295447721695548e+01 +7.295447721695548e+01 +5.273482499873189e+05 -7.773637988275121e-01 -9.090559982074835e-05 -3.681536774938866e-06 +3.220103945265431e+05 -6.234378304780657e-01 -7.290536299225052e-05 +6.503125683637451e-06 +8.550000000000000e+02 +0.000000000000000e+00 +0.000000000000000e+00 +0.000000000000000e+00 +2.700000000000000e+01 +0.000000000000000e+00 +0.000000000000000e+00 +0.000000000000000e+00
2029 1 063 15 0 +4.109159992997728e+02 +4.109159992997728e+02 +5.272896244830865e+05 -8.808460094524109e-01 -6.361672122832284e-04 +1.299353779699172e-06 +3.219670490138633e+05 -5.498625846698256e-01 +1.633812327410788e-03 -1.382067240705372e-07 +8.550000000000000e+02 +0.000000000000000e+00 +0.000000000000000e+00 +0.000000000000000e+00 +2.700000000000000e+01 +0.000000000000000e+00 +0.000000000000000e+00 +0.000000000000000e+00
2030 1 063 15 0 +4.109159992995936e+02 +4.109159992995936e+02 +5.269104070104657e+05 -7.454732895834941e-01 +1.432991455490853e-03 +1.781763236965783e-07 +3.220073847603090e+05 +7.228472375997447e-01 +1.010241026529004e-03 -1.294478482273424e-06 +8.550000000000000e+02 +0.000000000000000e+00 +0.000000000000000e+00 +0.000000000000000e+00 +2.700000000000000e+01 +0.000000000000000e+00 +0.000000000000000e+00 +0.000000000000000e+00
2031 1 063 15 0 +4.109159992995283e+02 +4.109159992995283e+02 +5.268584061033920e+05 +5.224612058916581e-01 +1.325075008786946e-03 -1.213695865911084e-06 +3.223851793733537e+05 +8.973699586715905e-01 -1.148140960104226e-03 -4.841112356311457e-07 +8.550000000000000e+02 +0.000000000000000e+00 +0.000000000000000e+00 +0.000000000000000e+00 +2.700000000000000e+01 +0.000000000000000e+00 +0.000000000000000e+00 +0.000000000000000e+00
2032 1 063 15 0 +7.295447721695548e+01 +7.295447721695548e+01 +5.272126242432033e+05 +9.610779940895763e-01 -4.984828190134727e-04 +1.787694739838249e-06 +3.225264676368814e+05 -2.810377922249979e-01 -1.542423051978774e-03 +7.255928899842320e-06 +8.550000000000000e+02 +0.000000000000000e+00 +0.000000000000000e+00 +0.000000000000000e+00 +2.700000000000000e+01 +0.000000000000000e+00 +0.000000000000000e+00 +0.000000000000000e+00
2033 1 063 15 0 +9.637269351307037e+02 +9.637269351307037e+02 +5.272807802263511e+05 +9.201294559992285e-01 +0.000000000000000e+00 +0.000000000000000e+00 +3.225005727497963e+05 -3.916143309463584e-01 +0.000000000000000e+00 +0.000000000000000e+00 +8.550000000000000e+02 +0.000000000000000e+00 +0.000000000000000e+00 +0.000000000000000e+00 +2.700000000000000e+01 +0.000000000000000e+00 +0.000000000000000e+00 +0.000000000000000e+00
2034 1 063 15 0 +7.295447721695548e+01 +7.295447721695548e+01 +5.281675337669047e+05 +9.168891292760644e-01 +1.072218135082706e-04 +1.787694739838248e-06 +3.221231634708801e+05 -3.902352224160686e-01 -4.563444685541273e-05 +7.255928899842321e-06 +8.550000000000000e+02 +0.000000000000000e+00 +0.000000000000000e+00 +0.000000000000000e+00 +2.700000000000000e+01 +0.000000000000000e+00 +0.000000000000000e+00 +0.000000000000000e+00
2035 1 063 15 0 +4.109159992992952e+02 +4.109159992992952e+02 +5.282356897500525e+05 +9.966454767804497e-01 +1.711061399735935e-04 -1.213695865913150e-06 +3.220972685837951e+05 -2.914384120205980e-01 +1.744928116591969e-03 -4.841112356319696e-07 +8.550000000000000e+02 +0.000000000000000e+00 +0.000000000000000e+00 +0.000000000000000e+00 +2.700000000000000e+01 +0.000000000000000e+00 +0.000000000000000e+00 +0.000000000000000e+00
2036 1 063 15 0 +4.109159992995936e+02 +4.109159992995936e+02 +5.285899078898636e+05 +5.224612058916586e-01 -1.652637961802092e-03 +1.781763236965783e-07 +3.222385568473227e+05 +8.973699586715904e-01 +5.855247308157203e-04 -1.294478482273424e-06 +8.550000000000000e+02 +0.000000000000000e+00 +0.000000000000000e+00 +0.000000000000000e+00 +2.700000000000000e+01 +0.000000000000000e+00 +0.000000000000000e+00 +0.000000000000000e+00
2037 1 063 15 0 +4.109159992995233e+02 +4.109159992995233e+02 +5.285379069827899e+05 -7.454732895834941e-01 -9.656085582040237e-04 +1.299353779698183e-06 +3.226163514603674e+05 +7.228472375997448e-01 -1.463438265018166e-03 -1.382067240707890e-07 +8.550000000000000e+02 +0.000000000000000e+00 +0.000000000000000e+00 +0.000000000000000e+00 +2.700000000000000e+01 +0.000000000000000e+00 +0.000000000000000e+00 +0.000000000000000e+00
2038 1 063 15 0 +7.295447721695548e+01 +7.295447721695548e+01 +5.281586895101693e+05 -8.494110850741557e-01 +8.966593721327319e-04 -3.681536774938865e-06 +3.226566872068131e+05 -5.302395307170998e-01 -1.350391040585529e-03 +6.503125683637452e-06 +8.550000000000000e+02 +0.000000000000000e+00 +0.000000000000000e+00 +0.000000000000000e+00 +2.700000000000000e+01 +0.000000000000000e+00 +0.000000000000000e+00 +0.000000000000000e+00
2039 1 063 15 0 +9.637269351303762e+02 +9.637269351303762e+02 +5.281000640059370e+05 -7.801110368637509e-01 +0.000000000000000e+00 +0.000000000000000e+00 +3.226133416941334e+05 -6.256410873363125e-01 +0.000000000000000e+00 +0.000000000000000e+00 +8.550000000000000e+02 +0.000000000000000e+00 +0.000000000000000e+00 +0.000000000000000e+00 +2.700000000000000e+01 +0.000000000000000e+00 +0.000000000000000e+00 +0.000000000000000e+00
2040 1 063 15 0 +7.295447721695548e+01 +7.295447721695548e+01 +5.273482499873189e+05 -7.773637988275121e-01 -9.090559982074835e-05 -3.681536774938866e-06 +3.220103945265431e+05 -6.234378304780657e-01 -7.290536299225052e-05 +6.503125683637451e-06 +8.550000000000000e+02 +0.000000000000000e+00 +0.000000000000000e+00 +0.000000000000000e+00 +2.700000000000000e+01 +0.000000000000000e+00 +0.000000000000000e+00 +0.000000000000000e+00
2041 1 063 15 0 +4.109159992997728e+02 +4.109159992997728e+02 +5.272896244830865e+05 -8.808460094524109e-01 -6.361672122832284e-04 +1.299353779699172e-06 +3.219670490138633e+05 -5.498625846698256e-01 +1.633812327410788e-03 -1.382067240705372e-07 +8.550000000000000e+02 +0.000000000000000e+00 +0.000000000000000e+00 +0.000000000000000e+00 +2.700000000000000e+01 +0.000000000000000e+00 +0.000000000000000e+00 +0.000000000000000e+00
2042 1 063 15 0 +4.109159992995936e+02 +4.109159992995936e+02 +5.269104070104657e+05 -7.454732895834941e-01 +1.432991455490853e-03 +1.781763236965783e-07 +3.220073847603090e+05 +7.228472375997447e-01 +1.010241026529004e-03 -1.294478482273424e-06 +8.550000000000000e+02 +0.000000000000000e+00 +0.000000000000000e+00 +0.000000000000000e+00 +2.700000000000000e+01 +0.000000000000000e+00 +0.000000000000000e+00 +0.000000000000000e+00
2043 1 063 15 0 +4.109159992995283e+02 +4.109159992995283e+02 +5.268584061033920e+05 +5.224612058916581e-01 +1.325075008786946e-03 -1.213695865911084e-06 +3.223851793733537e+05 +8.973699586715905e-01 -1.148140960104226e-03 -4.841112356311457e-07 +8.550000000000000e+02 +0.000000000000000e+00 +0.000000000000000e+00 +0.000000000000000e+00 +2.700000000000000e+01 +0.000000000000000e+00 +0.000000000000000e+00 +0.000000000000000e+00
2044 1 063 15 0 +7.295447721695548e+01 +7.295447721695548e+01 +5.272126242432033e+05 +9.610779940895763e-01 -4.984828190134727e-04 +1.787694739838249e-06 +3.225264676368814e+05 -2.810377922249979e-01 -1.542423051978774e-03 +7.255928899842320e-06 +8.550000000000000e+02 +0.000000000000000e+00 +0.000000000000000e+00 +0.000000000000000e+00 +2.700000000000000e+01 +0.000000000000000e+00 +0.000000000000000e+00 +0.000000000000000e+00
2045 1 063 15 0 +9.637269351307037e+02 +9.637269351307037e+02 +5.272807802263511e+05 +9.201294559992285e-01 +0.000000000000000e+00 +0.000000000000000e+00 +3.225005727497963e+05 -3.916143309463584e-01 +0.000000000000000e+00 +0.000000000000000e+00 +8.550000000000000e+02 +0.000000000000000e+00 +0.000000000000000e+00 +0.000000000000000e+00 +2.700000000000000e+01 +0.000000000000000e+00 +0.000000000000000e+00 +0.000000000000000e+00
2046 1 063 15 0 +7.295447721695548e+01 +7.295447721695548e+01 +5.281675337669047e+05 +9.168891292760644e-01 +1.072218135082706e-04 +1.787694739838248e-06 +3.221231634708801e+05 -3.902352224160686e-01 -4.563444685541273e-05 +7.255928899842321e-06 +8.550000000000000e+02 +0.000000000000000e+00 +0.000000000000000e+00 +0.000000000000000e+00 +2.700000000000000e+01 +0.000000000000000e+00 +0.000000000000000e+00 +0.000000000000000e+00
2047 1 063 15 0 +3.820762423207691e+02 +3.820762423207691e+02 +5.282356897500525e+05 +9.914709520420366e-01 +1.960808110183363e-04 -1.234732612608497e-06 +3.220972685837951e+05 -2.899252809144438e-01 +1.724002119849058e-03 -4.269910705218041e-07 +8.550000000000000e+02 +0.000000000000000e+00 +0.000000000000000e+00 +0.000000000000000e+00 +2.700000000000000e+01 +0.000000000000000e+00 +0.000000000000000e+00 +0.000000000000000e+00
2048 1 063 15 0 +3.820762423211772e+02 +3.820762423211772e+02 +5.285742626846185e+05 +6.005594378416430e-01 -1.562996423484606e-03 -3.908527488167001e-09 +3.222143527348954e+05 +8.404758645409108e-01 +7.534408894264163e-04 -1.306472625960621e-06 +8.550000000000000e+02 +0.000000000000000e+00 +0.000000000000000e+00 +0.000000000000000e+00 +2.700000000000000e+01 +0.000000000000000e+00 +0.000000000000000e+00 +0.000000000000000e+00
2049 1 063 15 0 +3.820762423208957e+02 +3.820762423208957e+02 +5.285753344321436e+05 -5.955198896198625e-01 -1.226570143875224e-03 +1.232155705952873e-06 +3.225725973186884e+05 +8.440541323420012e-01 -1.227255749977097e-03 -4.343711721816202e-07 +8.550000000000000e+02 +0.000000000000000e+00 +0.000000000000000e+00 +0.000000000000000e+00 +2.700000000000000e+01 +0.000000000000000e+00 +0.000000000000000e+00 +0.000000000000000e+00
2050 1 063 15 0 +7.295447721695548e+01 +7.295447721695548e+01 +5.282374681046916e+05 -9.627423172408190e-01 +4.892451548923272e-04 -1.744248522122366e-06 +3.226917051489670e+05 -2.752823677167188e-01 -1.545378002477554e-03 +7.266495288341298e-06 +8.550000000000000e+02 +0.000000000000000e+00 +0.000000000000000e+00 +0.000000000000000e+00 +2.700000000000000e+01 +0.000000000000000e+00 +0.000000000000000e+00 +0.000000000000000e+00
2051 1 063 15 0 +1.131079649263344e+03 +1.131079649263344e+03 +5.281691584053017e+05 -9.224561219682131e-01 +0.000000000000000e+00 +0.000000000000000e+00 +3.226662185213892e+05 -3.861019334882500e-01 +0.000000000000000e+00 +0.000000000000000e+00 +8.550000000000000e+02 +0.000000000000000e+00 +0.000000000000000e+00 +0.000000000000000e+00 +2.700000000000000e+01 +0.000000000000000e+00 +0.000000000000000e+00 +0.000000000000000e+00
2052 1 063 15 0 +7.295447721695548e+01 +7.295447721695548e+01 +5.271257870584051e+05 -9.192076016611614e-01 -1.074929376886775e-04 +3.951898469256346e-06 +3.222295064818794e+05 -3.847422374097672e-01 -4.499209240366523e-05 -6.342464439876797e-06 +8.550000000000000e+02 +0.000000000000000e+00 +0.000000000000000e+00 +0.000000000000000e+00 +2.700000000000000e+01 +0.000000000000000e+00 +0.000000000000000e+00 +0.000000000000000e+00
2053 1 063 15 0 +3.887800553088739e+02 +3.887800553088739e+02 +5.270596891141136e+05 -9.004169389465096e-01 +1.105879319513472e-03 +5.425541684592880e-07 +3.221987356356699e+05 -5.087513873730869e-01 -1.342375090371373e-03 +1.188544118574731e-06 +8.550000000000000e+02 +0.000000000000000e+00 +0.000000000000000e+00 +0.000000000000000e+00 +2.700000000000000e+01 +0.000000000000000e+00 +0.000000000000000e+00 +0.000000000000000e+00
2054 1 063 15 0 +3.887800553092486e+02 +3.887800553092486e+02 +5.269086612459266e+05 +2.054917831039338e-01 +1.618482590106477e-03 -9.626135960617695e-07 +3.218678870404297e+05 -1.013583625150194e+00 +6.367527448733241e-04 +8.833896151677510e-07 +8.550000000000000e+02 +0.000000000000000e+00 +0.000000000000000e+00 +0.000000000000000e+00 +2.700000000000000e+01 +0.000000000000000e+00 +0.000000000000000e+00 +0.000000000000000e+00
2055 1 063 15 0 +7.295447721695548e+01 +7.295447721695548e+01 +5.271766187840949e+05 +9.947980312605037e-01 +1.394703521836741e-04 -1.169672913131363e-06 +3.216219826531559e+05 -1.141491497216277e-01 +1.614961923077103e-03 -7.380800902253029e-06 +8.550000000000000e+02 +0.000000000000000e+00 +0.000000000000000e+00 +0.000000000000000e+00 +2.700000000000000e+01 +0.000000000000000e+00 +0.000000000000000e+00 +0.000000000000000e+00
2056 1 063 15 0 +5.277801841466674e+05 +5.277801841466674e+05 +5.272494818933100e+05 +9.999933337252114e-01 +0.000000000000000e+00 +0.000000000000000e+00 +3.216193844746565e+05 +3.651370309624560e-03 +0.000000000000000e+00 +0.000000000000000e+00 +8.550000000000000e+02 +0.000000000000000e+00 +0.000000000000000e+00 +0.000000000000000e+00 +2.700000000000000e+01 +0.000000000000000e+00 +2.078607084186883e-10 -2.625596977205759e-16
2057 1 063 15 0 +2.073513019796515e+02 +2.073513019796515e+02 +1.055026147712242e+06 +9.902537696917860e-01 +1.133055534267921e-04 -4.030503948098846e-07 +3.235465053690579e+05 +3.615807317611546e-03 +4.137232916913167e-07 -1.512339902783672e-06 +8.550000000000000e+02 +0.000000000000000e+00 +0.000000000000000e+00 +0.000000000000000e+00 +4.630000000000000e+01 +0.000000000000000e+00 +0.000000000000000e+00 +0.000000000000000e+00
2058 1 063 15 0 +2.606993797687051e+02 +2.606993797687051e+02 +1.055232756457765e+06 +9.866385884335285e-01 -2.399177501754461e-04 -4.022538220991061e-07 +3.235337904215492e+05 -1.915484202820933e-01 -9.229421568708068e-04 +1.881171167233150e-07 +8.550000000000000e+02 +0.000000000000000e+00 +0.000000000000000e+00 +0.000000000000000e+00 +4.630000000000000e+01 +0.000000000000000e+00 +0.000000000000000e+00 +0.000000000000000e+00
2059 1 063 15 0 +2.073513019796515e+02 +2.073513019796515e+02 +1.055466539495740e+06 +7.784360418379964e-01 -6.335886876028779e-04 +9.022809487163236e-07 +3.234244599723881e+05 -6.335239612800835e-01 -7.083030581444901e-04 +1.278870865995352e-06 +8.550000000000000e+02 +0.000000000000000e+00 +0.000000000000000e+00 +0.000000000000000e+00 +4.630000000000000e+01 +0.000000000000000e+00 +0.000000000000000e+00 +0.000000000000000e+00
2060 1 063 15 0 +2.029723858905931e+03 +2.029723858905931e+03 +1.055608752169394e+06 +6.382813101271072e-01 +0.000000000000000e+00 +0.000000000000000e+00 +3.232740458803996e+05 -7.698032015667534e-01 +0.000000000000000e+00 +0.000000000000000e+00 +8.550000000000000e+02 +0.000000000000000e+00 +0.000000000000000e+00 +0.000000000000000e+00 +4.630000000000000e+01 +0.000000000000000e+00 +0.000000000000000e+00 +0.000000000000000e+00
2061 1 063 15 0 +2.073513019796515e+02 +2.073513019796515e+02 +1.056904286973253e+06 +6.320646869940676e-01 +7.232129919958331e-05 -1.423845909948816e-06 +3.217115579555174e+05 -7.623056040109126e-01 -8.722355923945129e-05 -6.498341534808373e-07 +8.550000000000000e+02 +0.000000000000000e+00 +0.000000000000000e+00 +0.000000000000000e+00 +4.630000000000000e+01 +0.000000000000000e+00 +0.000000000000000e+00 +0.000000000000000e+00
2062 1 063 15 0 +8.073627406387676e+02 +8.073627406387676e+02 +1.057025762275978e+06 +5.010041969204341e-01 -1.006954563029968e-03 +1.159633994576896e-07 +3.215439494997505e+05 -9.239765352855426e-01 -2.855798114095245e-04 +4.291543305337824e-07 +8.550000000000000e+02 +0.000000000000000e+00 +0.000000000000000e+00 +0.000000000000000e+00 +4.630000000000000e+01 +0.000000000000000e+00 +0.000000000000000e+00 +0.000000000000000e+00
2063 1 063 15 0 +8.073627406391113e+02 +8.073627406391113e+02 +1.056834914284016e+06 -8.981841279416966e-01 -3.348197526387983e-04 +4.343441673160126e-07 +3.208376642182963e+05 -5.458966160398676e-01 +9.916698311080352e-04 -9.468945953573991e-08 +8.550000000000000e+02 +0.000000000000000e+00 +0.000000000000000e+00 +0.000000000000000e+00 +4.630000000000000e+01 +0.000000000000000e+00 +0.000000000000000e+00 +0.000000000000000e+00
2064 1 063 15 0 +2.073513019796515e+02 +2.073513019796515e+02 +1.056120087773748e+06 -5.628733859461239e-01 +8.108100953444604e-04 -1.232512472041865e-06 +3.209935003984803e+05 +8.309565765682110e-01 +4.956963148165225e-04 -9.646422179074376e-07 +8.550000000000000e+02 +0.000000000000000e+00 +0.000000000000000e+00 +0.000000000000000e+00 +4.630000000000000e+01 +0.000000000000000e+00 +0.000000000000000e+00 +0.000000000000000e+00
2065 1 063 15 0 +2.570912337990981e+03 +2.570912337990981e+03 +1.056027247847401e+06 -3.893948931533966e-01 +0.000000000000000e+00 +0.000000000000000e+00 +3.211785128080435e+05 +9.210709077948640e-01 +0.000000000000000e+00 +0.000000000000000e+00 +8.550000000000000e+02 +0.000000000000000e+00 +0.000000000000000e+00 +0.000000000000000e+00 +4.630000000000000e+01 +0.000000000000000e+00 +0.000000000000000e+00 +0.000000000000000e+00
3000 1 065 15 0 +2.073513019796515e+02 +2.073513019796515e+02 +6.060951828891616e+05 -6.503278085469600e-01 -7.441097879302260e-05 -8.710672730726899e-07 +2.978227104775105e+05 +7.467860094309878e-01 +8.544779598900172e-05 -1.300332037631096e-06 +8.550000000000000e+02 +0.000000000000000e+00 +0.000000000000000e+00 +0.000000000000000e+00 +4.630000000000000e+01 +0.000000000000000e+00 +0.000000000000000e+00 +0.000000000000000e+00
3001 1 065 15 0 +5.562688687891191e+02 +5.562688687891191e+02 +6.059493717578623e+05 -8.092606580134348e-01 -4.909555802912665e-04 +4.401628104983922e-07 +2.979696388873095e+05 +6.266737753855883e-01 -8.628775864678302e-04 -5.965081208299912e-08 +8.550000000000000e+02 +0.000000000000000e+00 +0.000000000000000e+00 +0.000000000000000e+00 +4.630000000000000e+01 +0.000000000000000e+00 +0.000000000000000e+00 +0.000000000000000e+00
3002 1 065 15 0 +5.562688687886407e+02 +5.562688687886407e+02 +6.054230512033817e+05 -9.468618589485447e-01 +5.028637708696664e-04 +2.713022250878801e-07 +2.980409657866871e+05 -3.886842593067935e-01 -8.559924876751877e-04 +3.517053053226278e-07 +8.550000000000000e+02 +0.000000000000000e+00 +0.000000000000000e+00 +0.000000000000000e+00 +4.630000000000000e+01 +0.000000000000000e+00 +0.000000000000000e+00 +0.000000000000000e+00
3003 1 065 15 0 +5.562688687895813e+02 +5.562688687895813e+02 +6.050986441109779e+05 -1.355556806718799e-01 +9.927330068089683e-04 -1.694466837903427e-07 +2.976204174648011e+05 -1.014518354098115e+00 +8.734312533038169e-06 +4.105963230198003e-07 +8.550000000000000e+02 +0.000000000000000e+00 +0.000000000000000e+00 +0.000000000000000e+00 +4.630000000000000e+01 +0.000000000000000e+00 +0.000000000000000e+00 +0.000000000000000e+00
3004 1 065 15 0 +2.073513019796515e+02 +2.073513019796515e+02 +6.053012583946949e+05 +7.958326414835534e-01 +5.432663358348507e-04 -1.036576033768540e-06 +2.971294507605555e+05 -6.115273399429705e-01 +7.797368373905065e-04 -1.172660107842341e-06 +8.550000000000000e+02 +0.000000000000000e+00 +0.000000000000000e+00 +0.000000000000000e+00 +4.630000000000000e+01 +0.000000000000000e+00 +0.000000000000000e+00 +0.000000000000000e+00
3005 1 065 15 0 +2.357469915878994e+03 +2.357469915878994e+03 +6.054803917744049e+05 +8.961534082858877e-01 +0.000000000000000e+00 +0.000000000000000e+00 +2.970257199749108e+05 -4.437443732799178e-01 +0.000000000000000e+00 +0.000000000000000e+00 +8.550000000000000e+02 +0.000000000000000e+00 +0.000000000000000e+00 +0.000000000000000e+00 +4.630000000000000e+01 +0.000000000000000e+00 +0.000000000000000e+00 +0.000000000000000e+00
3006 1 065 15 0 +2.073513019796515e+02 +2.073513019796515e+02 +6.075930464744513e+05 +8.874252065975241e-01 +1.015398347735790e-04 -1.036576033768540e-06 +2.959796059645629e+05 -4.394224677308759e-01 -5.027903696838263e-05 -1.172660107842341e-06 +8.550000000000000e+02 +0.000000000000000e+00 +0.000000000000000e+00 +0.000000000000000e+00 +4.630000000000000e+01 +0.000000000000000e+00 +0.000000000000000e+00 +0.000000000000000e+00
3007 1 065 15 0 +6.259761994742400e+02 +6.259761994742400e+02 +6.077721798541613e+05 +8.167394441444614e-01 -7.337372689838389e-04 -1.421535088731767e-07 +2.958758751789182e+05 -6.275923776801811e-01 -6.881000836658274e-04 +4.208984758878453e-07 +8.550000000000000e+02 +0.000000000000000e+00 +0.000000000000000e+00 +0.000000000000000e+00 +4.630000000000000e+01 +0.000000000000000e+00 +0.000000000000000e+00 +0.000000000000000e+00
3008 1 065 15 0 +6.259761994747013e+02 +6.259761994747013e+02 +6.079610588230831e+05 -2.689716277478844e-01 -9.157988023244000e-04 +3.349603654843260e-07 +2.953166285533691e+05 -9.942785201392621e-01 +4.161305789012198e-04 +2.918299173224919e-07 +8.550000000000000e+02 +0.000000000000000e+00 +0.000000000000000e+00 +0.000000000000000e+00 +4.630000000000000e+01 +0.000000000000000e+00 +0.000000000000000e+00 +0.000000000000000e+00
3009 1 065 15 0 +6.259761994746545e+02 +6.259761994746545e+02 +6.075159979240291e+05 -1.021749293855706e+00 +3.571652827417645e-05 +3.974598947635582e-07 +2.949288749599326e+05 -1.302455091319235e-01 +1.005274308159707e-03 -1.984660654775019e-07 +8.550000000000000e+02 +0.000000000000000e+00 +0.000000000000000e+00 +0.000000000000000e+00 +4.630000000000000e+01 +0.000000000000000e+00 +0.000000000000000e+00 +0.000000000000000e+00
3010 1 065 15 0 +2.073513019796515e+02 +2.073513019796515e+02 +6.069878940755489e+05 -4.967545337446925e-01 +8.468011805997546e-04 -1.303591891963656e-06 +2.951925762650296e+05 +8.720953009577043e-01 +4.313416369538605e-04 -8.661811482102023e-07 +8.550000000000000e+02 +0.000000000000000e+00 +0.000000000000000e+00 +0.000000000000000e+00 +4.630000000000000e+01 +0.000000000000000e+00 +0.000000000000000e+00 +0.000000000000000e+00
3011 1 065 15 0 +2.570912337991166e+03 +2.570912337991166e+03 +6.069096777287524e+05 -3.168115954615409e-01 +0.000000000000000e+00 +0.000000000000000e+00 +2.953842297197608e+05 +9.484884885865051e-01 +0.000000000000000e+00 +0.000000000000000e+00 +8.550000000000000e+02 +0.000000000000000e+00 +0.000000000000000e+00 +0.000000000000000e+00 +4.630000000000000e+01 +0.000000000000000e+00 +0.000000000000000e+00 +0.000000000000000e+00
4000 1 065 15 0 +2.073513019796515e+02 +2.073513019796515e+02 +6.060951828891616e+05 -3.137259680717644e-01 -3.589675245345569e-05 -1.303591891963294e-06 +2.978227104775105e+05 +9.392505626342659e-01 +1.074697295409691e-04 -8.661811482107478e-07 +8.550000000000000e+02 +0.000000000000000e+00 +0.000000000000000e+00 +0.000000000000000e+00 +4.630000000000000e+01 +0.000000000000000e+00 +0.000000000000000e+00 +0.000000000000000e+00
4001 1 065 15 0 +3.848269117099887e+02 +3.848269117099887e+02 +6.060169665423650e+05 -5.004438315272884e-01 -7.912338617349906e-04 +3.424019054968543e-07 +2.980143639322417e+05 +8.785721804646848e-01 -5.554306136107997e-04 -2.828043090774159e-07 +8.550000000000000e+02 +0.000000000000000e+00 +0.000000000000000e+00 +0.000000000000000e+00 +4.630000000000000e+01 +0.000000000000000e+00 +0.000000000000000e+00 +0.000000000000000e+00
4002 1 065 15 0 +2.073513019796515e+02 +2.073513019796515e+02 +6.057267204583716e+05 -9.502420443046705e-01 -2.635848384296026e-04 +6.042902514956004e-07 +2.982540905281473e+05 +3.230407683003744e-01 -9.130448401832269e-04 +1.443764140798459e-06 +8.550000000000000e+02 +0.000000000000000e+00 +0.000000000000000e+00 +0.000000000000000e+00 +4.630000000000000e+01 +0.000000000000000e+00 +0.000000000000000e+00 +0.000000000000000e+00
4003 1 065 15 0 +4.379769212215499e+03 +4.379769212215499e+03 +6.055237410530959e+05 -9.912623053864613e-01 +0.000000000000000e+00 +0.000000000000000e+00 +2.982946886149338e+05 +1.319054279395581e-01 +0.000000000000000e+00 +0.000000000000000e+00 +8.550000000000000e+02 +0.000000000000000e+00 +0.000000000000000e+00 +0.000000000000000e+00 +4.630000000000000e+01 +0.000000000000000e+00 +0.000000000000000e+00 +0.000000000000000e+00
4004 1 065 15 0 +1.086883134745961e+02 +1.086883134745961e+02 +6.011822409267345e+05 -9.912390597938597e-01 -5.165241339613214e-07 -3.231267513136740e-08 +2.988724039471475e+05 +1.319023346918646e-01 +6.873290405682798e-08 -2.700873301144023e-07 +8.550000000000000e+02 +0.000000000000000e+00 +0.000000000000000e+00 +0.000000000000000e+00 +4.630000000000000e+01 +0.000000000000000e+00 +0.000000000000000e+00 +0.000000000000000e+00
4005 1 065 15 0 +1.086883134745961e+02 +1.086883134745961e+02 +6.010744572353975e+05 -9.924964834526916e-01 -1.064851997813429e-05 +3.424554966590003e-08 +2.988863942224234e+05 +1.223455296039997e-01 -8.804708184860508e-05 +2.698490637199837e-07 +8.550000000000000e+02 +0.000000000000000e+00 +0.000000000000000e+00 +0.000000000000000e+00 +4.630000000000000e+01 +0.000000000000000e+00 +0.000000000000000e+00 +0.000000000000000e+00
4006 1 065 15 0 +1.160244617890578e+03 +1.160244617890578e+03 +6.009665026435410e+05 -9.936208803176001e-01 +0.000000000000000e+00 +0.000000000000000e+00 +2.988989981114129e+05 +1.127720984857400e-01 +0.000000000000000e+00 +0.000000000000000e+00 +8.550000000000000e+02 +0.000000000000000e+00 +0.000000000000000e+00 +0.000000000000000e+00 +4.630000000000000e+01 +0.000000000000000e+00 -1.811120843357473e-06 +1.040654597275209e-09
4007 1 065 15 0 +2.512955346982235e+02 +2.512955346982235e+02 +5.998136593649287e+05 -9.939144763935980e-01 +3.509955442614074e-06 +2.783606984326887e-08 +2.990298413317287e+05 +1.128054204964317e-01 -3.983663033325821e-07 -3.159285423413505e-09 +8.550000000000000e+02 +0.000000000000000e+00 -2.370554431019855e-04 +1.669856628041892e-09 +4.548730928308821e+01 +0.000000000000000e+00 +0.000000000000000e+00 +0.000000000000000e+00
4008 1 065 15 0 +4.557406477484928e+03 +4.557406477484928e+03 +5.995645564823085e+05 -9.865853897626318e-01 +0.000000000000000e+00 +0.000000000000000e+00 +2.990581135383295e+05 +1.119735977200286e-01 +0.000000000000000e+00 +0.000000000000000e+00 +8.400565793988405e+02 -1.187904967602592e-01 +0.000000000000000e+00 +0.000000000000000e+00 +4.548730928308821e+01 +0.000000000000000e+00 -6.256811148335551e-07 +9.152590300713406e-11
4009 1 065 15 4 +1.200000000000000e+01 +2.525454545454132e+02 +5.950682858364125e+05 -9.865853897626318e-01 +0.000000000000000e+00 +0.000000000000000e+00 +2.995684227378871e+05 +1.119735977200286e-01 +0.000000000000000e+00 +0.000000000000000e+00 +2.986800000000000e+02 -1.187904967602592e-01 +0.000000000000000e+00 +0.000000000000000e+00 +4.115552000000000e+01 +0.000000000000000e+00 +0.000000000000000e+00 +0.000000000000000e+00
4010 1 065 15 0 +1.066597564888937e+03 +1.066597564888937e+03 +5.948191281807070e+05 -9.935950548697463e-01 +0.000000000000000e+00 +0.000000000000000e+00 +2.995967011610204e+05 +1.127691673980319e-01 +0.000000000000000e+00 +0.000000000000000e+00 +2.686800000000000e+02 +7.209842074597972e-03 +0.000000000000000e+00 +0.000000000000000e+00 +0.000000000000000e+00 +0.000000000000000e+00 +0.000000000000000e+00 +0.000000000000000e+00
