1 0 1 1 +4.784395609283902e+001 +1.625313915772959e+001 +2.763700000000000e+002 +0.000000000000000e+000 +0.000000000000000e+000
1 1 1 1 +4.784271869134104e+001 +1.626727352442769e+001 +2.686800000000000e+002 +0.000000000000000e+000 +0.000000000000000e+000
2 0 1 1 +4.805299500000000e+001 +9.373720000000000e+000 +8.550000000000000e+002 +2.500000000000000e+001 -0.000000000000000e+000
2 1 3 1 +4.805242500000000e+001 +9.366851000000000e+000 +8.550000000000000e+002 +2.500000000000000e+001 +0.000000000000000e+000
2 2 3 1 +4.805299500000000e+001 +9.373720000000000e+000 +8.550000000000000e+002 +2.500000000000000e+001 -0.000000000000000e+000
2 3 3 1 +4.805242500000000e+001 +9.366851000000000e+000 +8.550000000000000e+002 +2.500000000000000e+001 +0.000000000000000e+000
2 4 3 1 +4.805299500000000e+001 +9.373720000000000e+000 +8.550000000000000e+002 +2.500000000000000e+001 -0.000000000000000e+000
2 5 3 1 +4.805242500000000e+001 +9.366851000000000e+000 +8.550000000000000e+002 +2.500000000000000e+001 +0.000000000000000e+000
2 6 3 1 +4.805299500000000e+001 +9.373720000000000e+000 +8.550000000000000e+002 +2.500000000000000e+001 -0.000000000000000e+000
2 7 3 1 +4.805242500000000e+001 +9.366851000000000e+000 +8.550000000000000e+002 +2.500000000000000e+001 +0.000000000000000e+000
2 8 1 1 +4.805299500000000e+001 +9.373720000000000e+000 +8.550000000000000e+002 +2.500000000000000e+001 -0.000000000000000e+000
3 0 2 1 +4.782500000000000e+001 +1.641750000000000e+001 +8.550000000000000e+002 +4.630000000000000e+001 +5.585053606381854e+000
3 1 3 1 +4.780006400000000e+001 +1.643225400000000e+001 +8.550000000000000e+002 +4.630000000000000e+001 +0.000000000000000e+000
4 0 1 1 +4.784271869134104e+001 +1.626727352442769e+001 +2.686800000000000e+002 +0.000000000000000e+000 +0.000000000000000e+000
4 1 1 1 +4.784395609283902e+001 +1.625313915772959e+001 +2.763700000000000e+002 +0.000000000000000e+000 +0.000000000000000e+000
